217
764
1972
2719
3223
4116
4885
6781
7227
13351
18051
19086
19708
25669
25881
25988
28109
28546
28650
29713
30245
30969
33926
34633
34701
42488
43212
43736
44028
49140
50607
58978
59308
59771
59822
60140
62213
63833
66505
67176
68937
69739
72222
72487
72970
73613
76144
76804
76871
78390
79741
80270
84609
88177
88407
92382
93409
94369
94770
96619
97641
99597
100450
100664
100966
102979
104479
106101
108080
111288
112378
113068
113531
113980
115150
115277
118443
119070
124600
125081
128782
129904
131396
131424
132065
134645
135990
139198
144713
145469
156270
161913
164059
164095
168732
171478
174077
177438
177460
178928
181709
185235
188176
190604
191277
191648
193513
194419
197177
197694
198299
198634
199078
199692
200745
203389
204754
204991
205772
206577
208504
208889
210233
212802
215032
215595
221731
222765
224904
225567
226764
227236
228582
229687
229888
230589
230663
232297
232599
240022
240269
241546
242650
243859
243998
244070
244317
245000
245880
247615
248503
251794
253840
254495
256245
257698
258887
260594
261610
262543
264221
267304
268659
270134
270405
272649
278220
278773
279769
283441
283657
284822
284936
285793
286020
288356
288966
289680
289796
290130
290350
292699
293192
295426
295883
297830
298409
301491
303054
304445
306520
307404
307422
308325
309244
311086
311329
315329
317240
319579
319864
322337
322827
327276
327849
328018
329002
330189
331205
333524
333602
334906
335108
335722
335740
340703
341177
342750
344226
344316
345031
346024
346087
346569
346915
347811
349423
350071
352181
352731
352936
354408
356192
358058
358329
360953
361728
362194
364238
365563
365727
367334
372149
372565
373189
373651
374091
375984
379257
381984
383665
383742
384283
384594
387113
387696
388235
388776
389601
392923
393156
395154
395689
399080
399598
400118
401264
401315
402885
405379
406181
411503
411883
411932
412056
418052
418158
418703
421479
421969
422904
423718
425969
426147
427859
428167
429715
430370
431941
432163
436541
438441
439732
439938
441580
442874
444828
446572
447172
447278
448170
448413
448514
452492
453806
453820
455402
455552
455991
456013
459743
462475
464543
466985
467208
468172
469558
470576
471188
475354
477346
478675
478854
479111
480086
481588
484262
484564
485856
485896
486213
489685
490158
495142
496572
501848
502856
505563
507227
514843
515838
520969
523497
523884
524817
534815
535264
537002
538940
539274
546149
548241
549238
549911
552802
554083
557039
557561
557863
561833
561901
563849
564143
564655
569453
570640
571130
572483
573309
573808
579204
579759
579823
580245
580914
583152
584066
585714
585800
587038
588277
588579
588646
589168
591260
592598
592932
593583
593656
594966
595521
596580
599263
601496
601717
601806
601857
602906
604289
606199
609116
609895
610257
610724
611503
613180
616138
618480
618879
620014
620024
620398
621109
621815
622425
624068
624861
626350
630483
639086
639139
639598
641049
642404
643268
643670
647449
648287
648308
649234
650829
655937
661576
662148
663325
665407
667970
670711
672056
673431
673971
678039
679780
683136
683699
685665
689653
690008
693832
695321
696481
698885
699399
699656
702912
705254
706233
710068
710391
710646
715632
716139
716494
717310
718108
718908
720984
721399
723535
723814
726454
728876
730081
730977
732721
734012
734163
734390
737497
738039
738486
739359
742879
745314
745726
747526
750507
752340
753566
755205
755400
756535
761174
762535
762567
763979
767037
767616
769054
773434
780740
780750
784010
788180
790709
790965
791358
791456
793227
793329
794267
796185
796558
796805
798095
800074
800406
800951
805669
805896
806461
806787
807026
808389
811055
811995
813124
817126
818432
827019
830360
831362
832919
833345
833581
836401
840895
845753
845975
847937
849059
849282
851142
851869
855698
855916
858030
858295
860629
860869
862202
864939
867353
868149
869456
870798
871402
874261
874454
876976
880536
881000
881984
884353
884667
884709
886749
889404
896463
899653
902179
904665
907252
908446
912657
914860
915209
916898
917086
917824
919129
919931
920027
920620
920994
921920
924819
925399
926166
926260
928222
929779
930022
930040
932290
933500
933765
935244
936619
936725
938565
939807
939858
940105
943000
944245
944493
945002
946723
949716
953760
953792
956012
958066
959263
959771
960012
960704
963966
964125
965812
967248
968107
972783
972971
973269
973766
979696
980254
982175
985560
986216
986500
987814
993952
994424
994804
998496
1000640
1001356
1001364
1001601
1001786
1002413
1007395
1007905
1007957
1013068
1014561
1014681
1016300
1019329
1019647
1021342
1021373
1023987
1027983
1028876
1031290
1033163
1033242
1036247
1039824
1039935
1046099
1047739
1048498
1050003
1052586
1054342
1054601
1057523
1059392
1059710
1059834
1060044
1063405
1064626
1065163
1065669
1067945
1068348
1068706
1068847
1079394
1080237
1080455
1083017
1083532
1083672
1088008
1092132
1093422
1100052
1104559
1104826
1105060
1105325
1107996
1111107
1111427
1111715
1112027
1113726
1114751
1117857
1120085
1120275
1122062
1122237
1127794
1127931
1129721
1130198
1130765
1131214
1131650
1133372
1134372
1134455
1135576
1138464
1140064
1141302
1145406
1146694
1146982
1148252
1149226
1150949
1152447
1153455
1153647
1153724
1155901
1156005
1157219
1158691
1162278
1170472
1171579
1172007
1173551
1174736
1176770
1179653
1179877
1180704
1182731
1186093
1188337
1194494
1196143
1196194
1197796
1198038
1198068
1199093
1199940
1200068
1203266
1203532
1204530
1205550
1207585
1207669
1208294
1208562
1209120
1211423
1216647
1218330
1218338
1219157
1219367
1219964
1220503
1221723
1222409
1222509
1223531
1225205
1228016
1228794
1229953
1230544
1233555
1233856
1237428
1241236
1243476
1244415
1245012
1247132
1254068
1255472
1256865
1260086
1260490
1262473
1264108
1264552
1266297
1270493
1276558
1279498
1279585
1279687
1280016
1282400
1283545
1287384
1289833
1290659
1293597
1293676
1294831
1296653
1297818
1302834
1303307
1304794
1310909
1311157
1311655
1315747
1316594
1316874
1319438
1322265
1322316
1322573
1325311
1325327
1329700
1330258
1331213
1331507
1332068
1332329
1332566
1332676
1334244
1334339
1336034
1336164
1338376
1340075
1342841
1343625
1343835
1344679
1345436
1345532
1345779
1348293
1348860
1352122
1352458
1353717
1357199
1357400
1361594
1361792
1362606
1363631
1364327
1364899
1367971
1369229
1370337
1370656
1371427
1372039
1373777
1375654
1376965
1377015
1377784
1378549
1379013
1379410
1380360
1380917
1382543
1384669
1387507
1394110
1395512
1396277
1396291
1397239
1398039
1400655
1405698
1406710
1410999
1412538
1413652
1416487
1417346
1418411
1419597
1422216
1423964
1424837
1425327
1427182
1427631
1430815
1431409
1431843
1432842
1436333
1438824
1441228
1443372
1444920
1445407
1448008
1448103
1450626
1451699
1456758
1457713
1459163
1459822
1460440
1460457
1460581
1461039
1461458
1462817
1470609
1475437
1476198
1480758
1486411
1487026
1491608
1492064
1492259
1499620
1499881
1505844
1510561
1514304
1514392
1517071
1517434
1521047
1521805
1526316
1529180
1529256
1531657
1532222
1532638
1533142
1533149
1534587
1538738
1538799
1539897
1540964
1542119
1543228
1545735
1548055
1549714
1550099
1551537
1554442
1555272
1556095
1556338
1556637
1557525
1560759
1561470
1561885
1562115
1562682
1564043
1564267
1565697
1569086
1571000
1572613
1573054
1574721
1575088
1575634
1579617
1579896
1580035
1581106
1584653
1585572
1585682
1585778
1587236
1588175
1589864
1591133
1591537
1593173
1596355
1597023
1599615
1600711
1602678
1602979
1603410
1608329
1611325
1613349
1614206
1615100
1615791
1615828
1619645
1619879
1622246
1624612
1624706
1624829
1624871
1626918
1628105
1628437
1629203
1630043
1630543
1632654
1633172
1633872
1636102
1636842
1640025
1644458
1644940
1648807
1650968
1655131
1655291
1655462
1656933
1657716
1659150
1661256
1662388
1663088
1664473
1664708
1667327
1667568
1669690
1672429
1675085
1676089
1677125
1677531
1678909
1680083
1684147
1688939
1691430
1694599
1694839
1695969
1697597
1698026
1700394
1700506
1701919
1701934
1703000
1706061
1707028
1709138
1710644
1711555
1712937
1713432
1716827
1718549
1719950
1720050
1720352
1721984
1722217
1723470
1723513
1724673
1725946
1729802
1729863
1734168
1734190
1734814
1735239
1744164
1749098
1751516
1751946
1753526
1753623
1756733
1757087
1758048
1761622
1764226
1765093
1766146
1766741
1767643
1771295
1773631
1774873
1776674
1778153
1779755
1781134
1782743
1785079
1786701
1788372
1788510
1790595
1790983
1791708
1792986
1793727
1795267
1795441
1797850
1800007
1800457
1802711
1804960
1806481
1811212
1812234
1812704
1814205
1815839
1817039
1822294
1823314
1824397
1824863
1828092
1831670
1832720
1841399
1842129
1842379
1844019
1845446
1845467
1845802
1846616
1847248
1847932
1848190
1848308
1848464
1848668
1849431
1858735
1859411
1863126
1863970
1865431
1868193
1868714
1868995
1871472
1871592
1873297
1874322
1874732
1875224
1876144
1879091
1879664
1882629
1886332
1887119
1892325
1892759
1893584
1893755
1895769
1895777
1897084
1897739
1899993
1901320
1902191
1903317
1905595
1907065
1907113
1908187
1910832
1912850
1913684
1915718
1920935
1921624
1922127
1922557
1928371
1929273
1932310
1934110
1936156
1936305
1936549
1937376
1939648
1941027
1944861
1945430
1946803
1948062
1949071
1953129
1955118
1955908
1956987
1957440
1959511
1964922
1965047
1965190
1967707
1968823
1972281
1972391
1973989
1975378
1982541
1982661
1985425
1985645
1986303
1987381
1988938
1989573
1992717
1995250
1996115
1996904
1999847
2000259
2000693
2002649
2005167
2007383
2007856
2011764
2013929
2015355
2015891
2018213
2021112
2021202
2027310
2027407
2028429
2030064
2031488
2032648
2032757
2034278
2034333
2035688
2038606
2039527
2039530
2041767
2042408
2047090
2047484
2047737
2048538
2048716
2049477
2053841
2056327
2057162
2059041
2061915
2062448
2063360
2063512
2065844
2066681
2070365
2071350
2072426
2072660
2079147
2080478
2082807
2084079
2086787
2087222
2087809
2088203
2093110
2093320
2093489
2095462
2101509
2101560
2103337
2105132
2106604
2107475
2107927
2112219
2113374
2115004
2115306
2115612
2117593
2117597
2120128
2120451
2122025
2122695
2122709
2122838
2129631
2129759
2130553
2131188
2133593
2133809
2135769
2136992
2137048
2140704
2146847
2147482
2149619
2150303
2150374
2151422
2155658
2158659
2159938
2160161
2162459
2164673
2167006
2167203
2167753
2169310
2169438
2169496
2172992
2174184
2175653
2175962
2176328
2176419
2176950
2177698
2178087
2180606
2181001
2184202
2184853
2185206
2189402
2192304
2194335
2196639
2198036
2200205
2200392
2202251
2206227
2208622
2211233
2214283
2215365
2218704
2218879
2219198
2220152
2221632
2225616
2225726
2228056
2229378
2230953
2236769
2237872
2243070
2244507
2245423
2245690
2247454
2248384
2252240
2254521
2257230
2257934
2260125
2260485
2260802
2261147
2262946
2263958
2264630
2268467
2268881
2269350
2272047
2272164
2272335
2272349
2272759
2273836
2275562
2275575
2276637
2278527
2280559
2285299
2288539
2290842
2291438
2292683
2294604
2295236
2295863
2301177
2303060
2306289
2312975
2314044
2315362
2315638
2322767
2325593
2326719
2327296
2328777
2331588
2331947
2334932
2337443
2338111
2339577
2340008
2340139
2341070
2342088
2343906
2344836
2345385
2347318
2348550
2349047
2351703
2351726
2353072
2353085
2354604
2354827
2357487
2357977
2360560
2361946
2364413
2365249
2370278
2371276
2371417
2372104
2372196
2372746
2373003
2373924
2376951
2378546
2378755
2380480
2385303
2386264
2387945
2388270
2389846
2392168
2392764
2394624
2395083
2395096
2395403
2397225
2398211
2398325
2399914
2400355
2401610
2401954
2402678
2403735
2406540
2406928
2408407
2409250
2409419
2410692
2411447
2413050
2416131
2424485
2426800
2432090
2432687
2436048
2438769
2439026
2439571
2440724
2441394
2441837
2442678
2444858
2445315
2448023
2452113
2453198
2454635
2454645
2454853
2458802
2459982
2463598
2464192
2465735
2466446
2466716
2467257
2468205
2468623
2468832
2471698
2472924
2473570
2474407
2474592
2484430
2485764
2490581
2491103
2492618
2493918
2495817
2496427
2496880
2497050
2497202
2497276
2499979
2501075
2501328
2503417
2503519
2510288
2510551
2512999
2520424
2520904
2521791
2522291
2522432
2522930
2526280
2528803
2531688
2538750
2538789
2540609
2541443
2542633
2543434
2543761
2543940
2547398
2551988
2552464
2557998
2558155
2561072
2561167
2561250
2561727
2562297
2563380
2564306
2564694
2565610
2572006
2572418
2572758
2572995
2574262
2576340
2576500
2576653
2579545
2579578
2580082
2582436
2584003
2584947
2585080
2586851
2587187
2587263
2592765
2594558
2598295
2599228
2599719
2599981
2601927
2605034
2605463
2606117
2607103
2608578
2608593
2608643
2609197
2609628
2616036
2616636
2618225
2618478
2618606
2619014
2621923
2623368
2624129
2624739
2625257
2625638
2628595
2629816
2636326
2637685
2639797
2639901
2641125
2645348
2646474
2646837
2649993
2650638
2650923
2651352
2653277
2656129
2658431
2659503
2659705
2660227
2660314
2660597
2664651
2669687
2672476
2673821
2676648
2676979
2677230
2678737
2679224
2679947
2682586
2684560
2685274
2691693
2692293
2694735
2696074
2697345
2698403
2699507
2699997
2701027
2702265
2705072
2706547
2707743
2708182
2708367
2709201
2709937
2710492
2714744
2717541
2717606
2718257
2718734
2719210
2720048
2722089
2723719
2724275
2726520
2732860
2737533
2739261
2743628
2744044
2745406
2746640
2750806
2758516
2759057
2761710
2762129
2762608
2762732
2762791
2764479
2764856
2767994
2768314
2769593
2771850
2772210
2772437
2772965
2773404
2776203
2777160
2778039
2779126
2780663
2781116
2781970
2782337
2784120
2784128
2786323
2787315
2787438
2788148
2788205
2788456
2788625
2789239
2790769
2792212
2792813
2793252
2795855
2797516
2798689
2799086
2799835
2801286
2801698
2802264
2803595
2804140
2805425
2806233
2808672
2811474
2812541
2812589
2814075
2815197
2815347
2816188
2817008
2818067
2822468
2823238
2823940
2824722
2827765
2828392
2829442
2833796
2835291
2837003
2837017
2838364
2840820
2841405
2841672
2841881
2843164
2844166
2844416
2844543
2844974
2846583
2847466
2852015
2852213
2855167
2855404
2855945
2856516
2856594
2858271
2860121
2863591
2865046
2866165
2867036
2868456
2869063
2870374
2872116
2873548
2877598
2878981
2879303
2881331
2882798
2882833
2885964
2887604
2890571
2891735
2892339
2894378
2894661
2896242
2896444
2897519
2897566
2898463
2898565
2898657
2898853
2901950
2902615
2903078
2906705
2907024
2907179
2907315
2907634
2907993
2909309
2909600
2910872
2911346
2912307
2915617
2917444
2919778
2921730
2923081
2926214
2927781
2928073
2934291
2934405
2934775
2936542
2936556
2938165
2938230
2938278
2938837
2939459
2940112
2946178
2948205
2949194
2949820
2949879
2949896
2950414
2950891
2951838
2951842
2953645
2954579
2956117
2957573
2957991
2960688
2961212
2966434
2970671
2972713
2974866
2979791
2981188
2983661
2985315
2985329
2985682
2989557
2993534
2996289
2996986
2997037
3002397
3003382
3004132
3007317
3009190
3013131
3015680
3017073
3018956
3021728
3021838
3022438
3028020
3028750
3031508
3034150
3034797
3036020
3037234
3039775
3042886
3043418
3043494
3043532
3044265
3044818
3045827
3048232
3048708
3049300
3049350
3052652
3053781
3055109
3055479
3059835
3064063
3064155
3064745
3064787
3066419
3069108
3069372
3070247
3071920
3073266
3073403
3073880
3076601
3077664
3077962
3079293
3080219
3084140
3085112
3085610
3087838
3088799
3088822
3092143
3093149
3093495
3093597
3094699
3095598
3098997
3100605
3101264
3101968
3103198
3103467
3105621
3108424
3108427
3109481
3110997
3111745
3112647
3113838
3114351
3114471
3115930
3116544
3117699
3118369
3118386
3120920
3121795
3122544
3123188
3123562
3124526
3125432
3126732
3127797
3128313
3128633
3129888
3130965
3133182
3134093
3137212
3137804
3140145
3141781
3142251
3145317
3145623
3147736
3147753
3147932
3148051
3148701
3149471
3149997
3150182
3153081
3156209
3157781
3158163
3160113
3161333
3162396
3164149
3164257
3169869
3171478
3171821
3171903
3172234
3172386
3172578
3172838
3174386
3174492
3176819
3180057
3182067
3182242
3187024
3187669
3188184
3189998
3190021
3191618
3191684
3192467
3193832
3196576
3196655
3197057
3197381
3199960
3200859
3203061
3206361
3210597
3211054
3216778
3219499
3222394
3223822
3231073
3231913
3232448
3237684
3249641
3250156
3250478
3250647
3252554
3254735
3261013
3261062
3262255
3262320
3264701
3265786
3268951
3270336
3273480
3274930
3276209
3276282
3277902
3278586
3281375
3281966
3283290
3283504
3284275
3284582
3287784
3290028
3290542
3292731
3292915
3293284
3295886
3295951
3296671
3298181
3300788
3302620
3304091
3304182
3309831
3310262
3314246
3315978
3319236
3320095
3321356
3324228
3324365
3325278
3328433
3330628
3332482
3332592
3335140
3338241
3338372
3339791
3341768
3341787
3342900
3346028
3347984
3349394
3349722
3351808
3353866
3354847
3357108
3359476
3359735
3359801
3360384
3360484
3362139
3363060
3366270
3366521
3367361
3368281
3368858
3368909
3370338
3370476
3371117
3371170
3374972
3375419
3376980
3381392
3382582
3383021
3384291
3386925
3387649
3390077
3390879
3392313
3392629
3392633
3397086
3397970
3402038
3403147
3405383
3405443
3405932
3406257
3406626
3408323
3408954
3412024
3414296
3414487
3416027
3416443
3423403
3423475
3424350
3424629
3427331
3429207
3431454
3437280
3440209
3443062
3449329
3449916
3451326
3452686
3453639
3454039
3456572
3456915
3459310
3460932
3461762
3462568
3464978
3465995
3466381
3466801
3468509
3469398
3470159
3471847
3473215
3474286
3474803
3474827
3475404
3476667
3476938
3477655
3478662
3480799
3481112
3481747
3484158
3485160
3485544
3487304
3487343
3489819
3491719
3492251
3493794
3498696
3501221
3502600
3503239
3503520
3504559
3505993
3506144
3509579
3511976
3512027
3512489
3513035
3516144
3518223
3519507
3519570
3520504
3523010
3523127
3530839
3534811
3536210
3538787
3540275
3541307
3541860
3544454
3546103
3549400
3549877
3550052
3551366
3553230
3554896
3556731
3557880
3558135
3558622
3560834
3562800
3564078
3566371
3568649
3570247
3570943
3571667
3572648
3574613
3578635
3578991
3580017
3581151
3582721
3583478
3586647
3587885
3589566
3591312
3595227
3598526
3602804
3605072
3605278
3605671
3605809
3605936
3606298
3606550
3610045
3612458
3612921
3616930
3619070
3624100
3625520
3625820
3626926
3629421
3633942
3635184
3635231
3636408
3636751
3637407
3641304
3641879
3642971
3644597
3648404
3649931
3650150
3651090
3652318
3653137
3653224
3653247
3655554
3660622
3661931
3662284
3662609
3662904
3663279
3663577
3664501
3666187
3669583
3670605
3673525
3673867
3677332
3678611
3688015
3688358
3690314
3692659
3694086
3694639
3697355
3698048
3700498
3700906
3701149
3701557
3701770
3702749
3707273
3708198
3710230
3711395
3714210
3715014
3717986
3718647
3721103
3721501
3723437
3726034
3726377
3728160
3729683
3730759
3731042
3731619
3732421
3732791
3733062
3737179
3737426
3744543
3746461
3747079
3748201
3749278
3751682
3753864
3753895
3753901
3755209
3756217
3759163
3760478
3760854
3761647
3762525
3764765
3765109
3765894
3766901
3768742
3770758
3772714
3774151
3777252
3779438
3779941
3780806
3780816
3781921
3786538
3788745
3791471
3792167
3793941
3794473
3795426
3796779
3800363
3800413
3800490
3801645
3801965
3802653
3806502
3807449
3809603
3809891
3811192
3812084
3812227
3816152
3816762
3818210
3818520
3821501
3824045
3824051
3824623
3824632
3824673
3829510
3829571
3831191
3833849
3841764
3843433
3845033
3846295
3847320
3848542
3849537
3850916
3852315
3855259
3855965
3856442
3860384
3861842
3862033
3862383
3864109
3866857
3866977
3867279
3868681
3871341
3871837
3871970
3874016
3874307
3875642
3876307
3876610
3878799
3886574
3889322
3890424
3890567
3894228
3901640
3901966
3902209
3906137
3911846
3913330
3914378
3914456
3916632
3918463
3920131
3920623
3920953
3924381
3926486
3927220
3930558
3932963
3933444
3935368
3935982
3939302
3939911
3940197
3940201
3940722
3942907
3943985
3944451
3946054
3949934
3952234
3952334
3952399
3956462
3960794
3961202
3961603
3966926
3969445
3971551
3972330
3972777
3975739
3979170
3979421
3981174
3984565
3985737
3987771
3988528
3989146
3992563
3992970
3994044
3996668
3998288
3998967
3999251
4003949
4005710
4006187
4006332
4006609
4006832
4011134
4011234
4011457
4013506
4014286
4019511
4020543
4021806
4022764
4028550
4029858
4030560
4032004
4032296
4037161
4042628
4045266
4049297
4049489
4050566
4054443
4054871
4055915
4059239
4059561
4061438
4062947
4064720
4065907
4067948
4068260
4071422
4072758
4073539
4074768
4080404
4082132
4087147
4088763
4090606
4091011
4094067
4095007
4095164
4096149
4097157
4097833
4098863
4100056
4105562
4106329
4106952
4107849
4108077
4110110
4110334
4111740
4112837
4115699
4117802
4120035
4120618
4121456
4122267
4123788
4125389
4126762
4130294
4130898
4131481
4131677
4134205
4135194
4135927
4136563
4140325
4140480
4140778
4140915
4142285
4144262
4148753
4148959
4149680
4151186
4152288
4154177
4155625
4155730
4157063
4157453
4159583
4160440
4161076
4162561
4163741
4164128
4164842
4165044
4166695
4168306
4168606
4170667
4174055
4177689
4178605
4179157
4179504
4179774
4180302
4180461
4181759
4184708
4185826
4188666
4191363
4197187
4197842
4199435
4200246
4202137
4204327
4204870
4209666
4211976
4214305
4214860
4216513
4218729
4221540
4223714
4225554
4226866
4226960
4229896
4230222
4230379
4230951
4231515
4231989
4232990
4234983
4239627
4246334
4249595
4250566
4253579
4257161
4258042
4258795
4260066
4260437
4264927
4266531
4266641
4268426
4269503
4270038
4270342
4270778
4272154
4273176
4273769
4274298
4275032
4275232
4275460
4275605
4277896
4281691
4284990
4286352
4287162
4288396
4295306
4297430
4298527
4299356
4300259
4300629
4301430
4304046
4306351
4307071
4307363
4308430
4309662
4314940
4319973
4322158
4322512
4323195
4323510
4325266
4326364
4327064
4327735
4329797
4329852
4330676
4330930
4332299
4332350
4333836
4334106
4334333
4335279
4341434
4342287
4344576
4344580
4344625
4347213
4347779
4348405
4348902
4349218
4351402
4356839
4359580
4359735
4359904
4360111
4362703
4363059
4368516
4368581
4371374
4371747
4372629
4372908
4373811
4375895
4379826
4379922
4382155
4386542
4388985
4389644
4392099
4394163
4394967
4395722
4398643
4400710
4400994
4405478
4406045
4408634
4409399
4410710
4417030
4417753
4418003
4419385
4421759
4422331
4422688
4426119
4427406
4427955
4427988
4429197
4429317
4430023
4430846
4435125
4436929
4437549
4437668
4440558
4441936
4447058
4448111
4448790
4451350
4453943
4454315
4456693
4456764
4460412
4460591
4461909
4462275
4463390
4463897
4464072
4464364
4464960
4465990
4466212
4468285
4469197
4470106
4470302
4477745
4478820
4491295
4491662
4495055
4495376
4497969
4498508
4503223
4504173
4504785
4504949
4506009
4506356
4506581
4506901
4508138
4508550
4508605
4515445
4515638
4517675
4517775
4517860
4518729
4519021
4524160
4524385
4524859
4526323
4526561
4531496
4535729
4536003
4537043
4537451
4540109
4541602
4541665
4546406
4547362
4552929
4553726
4555177
4558565
4561032
4561528
4563594
4565737
4566352
4567281
4567440
4568909
4569021
4570326
4570708
4571316
4571320
4572160
4573093
4573968
4575073
4577710
4578087
4578358
4578370
4579127
4579909
4581741
4585036
4588101
4588297
4589079
4589429
4590240
4590368
4591110
4592755
4593030
4594626
4597684
4600362
4601829
4603387
4604193
4605005
4607996
4609071
4610042
4617019
4619122
4620185
4620342
4621822
4622768
4623478
4625338
4625636
4627004
4628517
4629100
4629988
4631522
4632291
4633734
4634754
4638195
4644423
4644472
4645594
4646194
4650074
4650260
4654417
4657123
4658004
4658383
4658855
4659459
4661791
4661937
4662605
4664742
4667242
4667916
4668002
4670612
4671750
4671932
4673050
4673609
4675135
4678319
4678772
4678827
4679592
4679981
4681361
4682007
4683194
4684457
4685047
4689405
4693560
4694374
4701470
4703810
4710530
4712829
4712921
4713198
4716156
4718537
4722066
4724629
4725383
4726581
4728204
4730351
4732976
4733438
4734341
4735703
4738593
4738684
4739949
4743613
4744213
4746563
4746902
4749303
4749503
4751122
4751718
4752653
4756325
4756467
4758381
4758713
4759654
4761310
4762426
4762469
4762614
4764561
4764918
4765554
4765787
4765830
4768779
4776048
4777258
4777751
4778619
4780877
4782082
4787846
4788980
4790743
4790783
4792229
4794986
4796447
4796636
4797020
4797867
4802619
4804598
4807310
4808464
4810368
4812114
4814418
4814460
4815695
4818100
4818618
4819414
4819462
4820635
4821249
4826062
4829595
4830450
4831505
4832145
4838376
4839323
4841820
4843433
4843566
4844408
4844531
4848912
4850520
4852077
4853333
4854317
4855879
4856020
4857281
4857950
4859213
4860208
4861202
4862342
4862404
4863308
4863309
4866235
4867432
4868622
4872135
4874605
4874666
4876927
4879197
4880415
4882409
4882588
4883139
4884151
4884241
4885263
4886425
4887706
4889846
4891178
4893039
4894145
4894559
4897568
4899931
4900491
4902562
4905496
4908939
4909376
4909388
4913001
4915858
4923605
4923862
4926602
4928499
4932290
4934712
4936742
4937445
4938406
4939418
4943108
4944536
4946933
4947023
4950583
4952028
4954838
4954868
4956477
4959262
4959912
4961249
4963074
4969790
4970174
4971612
4971726
4973187
4976473
4978477
4980647
4980919
4981441
4982675
4983041
4985138
4986892
4990448
4994369
5001044
5001679
5003571
5004794
5005600
5005904
5006842
5009472
5010594
5014721
5015418
5018803
5018890
5019527
5019916
5022004
5022454
5025527
5025757
5027328
5027822
5028426
5030813
5032375
5033116
5033389
5036559
5041043
5041574
5043842
5044681
5044689
5048545
5051597
5051804
5054928
5056026
5057313
5057702
5057703
5059186
5061032
5062317
5062866
5063066
5066893
5068633
5070804
5074564
5075339
5076741
5078301
5078421
5078889
5079250
5080492
5080892
5081579
5082683
5082832
5084162
5086594
5088536
5089905
5090025
5090664
5091345
5091874
5092200
5092608
5093181
5093452
5094005
5094670
5094875
5097670
5097898
5098742
5098844
5098912
5099461
5100295
5106245
5108330
5109002
5110930
5112062
5115489
5118017
5118710
5120391
5120449
5122022
5122782
5123245
5124521
5125536
5129451
5132809
5135378
5136351
5136386
5136435
5138691
5139309
5141161
5143991
5144831
5145621
5147216
5150262
5150413
5152580
5155127
5157353
5158504
5160979
5163133
5164943
5170802
5172168
5172813
5175840
5177976
5180198
5180995
5182483
5187128
5188144
5189152
5189258
5190356
5192909
5194034
5196623
5197746
5200911
5202977
5204085
5204428
5206449
5208438
5208648
5208979
5209326
5211333
5212171
5213528
5214469
5214609
5216696
5220124
5221336
5225559
5226101
5227507
5228074
5228725
5228960
5229096
5229880
5230248
5231322
5231928
5235112
5237733
5238982
5243072
5243221
5243743
5245812
5246161
5246292
5251979
5253984
5254315
5254942
5255101
5255246
5257989
5259366
5263210
5273974
5276519
5278527
5279271
5279943
5280232
5280471
5281052
5284465
5284938
5285092
5288395
5288951
5290832
5291563
5293758
5295592
5298790
5299329
5300241
5300790
5302358
5304862
5305005
5305260
5305802
5308930
5309466
5312761
5312865
5313126
5316037
5318902
5321409
5321643
5321717
5322441
5323406
5324911
5328198
5330099
5330521
5330940
5333200
5333372
5334335
5334428
5334640
5339282
5340006
5341979
5342489
5343419
5345559
5345610
5346538
5348193
5350443
5355004
5355590
5356249
5360437
5362369
5362740
5363285
5364372
5365627
5366168
5367286
5367939
5370917
5372337
5375058
5375696
5376144
5376905
5377967
5379448
5380940
5381170
5390809
5393865
5393908
5394445
5395063
5395804
5399983
5400002
5400194
5401145
5406500
5406954
5407091
5408429
5409433
5411341
5413772
5414699
5414742
5416647
5416753
5419611
5423783
5426896
5427336
5427933
5428292
5428452
5428750
5429960
5430258
5432190
5433899
5439434
5440569
5446028
5447857
5448580
5448960
5449949
5449986
5451499
5452034
5457399
5460021
5462291
5464998
5473862
5474554
5474582
5477389
5477869
5483618
5484756
5485631
5486713
5488334
5491750
5493631
5494845
5496945
5498273
5498332
5499957
5501790
5504098
5504433
5504590
5505363
5506656
5507329
5509932
5510320
5512917
5518752
5525656
5529489
5529633
5530309
5531763
5534517
5536765
5540534
5542504
5545426
5548253
5549526
5550030
5550568
5552095
5554365
5557150
5557717
5559141
5560159
5560818
5561840
5567524
5572460
5573998
5574553
5577230
5583485
5588560
5589287
5589958
5590978
5603483
5605091
5605448
5606637
5609777
5612545
5612647
5613121
5614339
5615402
5616013
5616997
5618847
5618861
5623450
5626136
5626877
5629580
5631542
5631700
5634966
5637257
5639788
5640821
5640982
5643236
5643281
5643834
5644784
5649978
5651394
5651456
5652378
5654752
5655009
5655050
5657614
5657747
5657788
5657829
5658120
5660440
5661174
5661764
5663575
5665489
5666956
5672713
5676053
5676621
5677276
5677684
5678754
5680312
5680939
5692603
5693254
5694636
5696051
5699003
5700668
5702616
5703505
5704059
5705870
5707470
5708035
5708877
5714083
5714334
5716991
5717298
5721815
5722336
5722676
5723610
5723616
5723912
5724045
5724830
5724934
5725767
5725959
5726032
5730693
5732781
5734775
5735180
5737087
5739976
5742432
5744250
5745464
5745698
5746506
5747664
5749079
5749591
5749999
5750490
5752442
5752477
5753077
5753289
5756116
5760434
5761694
5763655
5763677
5764085
5765368
5765978
5769200
5770338
5771027
5779340
5784526
5785547
5790100
5790186
5791726
5792309
5793284
5793287
5794223
5795339
5795881
5800833
5803325
5805153
5805698
5805749
5809005
5813907
5816104
5817378
5818891
5819124
5819206
5821213
5822206
5828479
5829871
5832639
5835487
5838752
5838922
5840900
5846403
5848715
5849411
5849806
5850433
5851349
5851771
5852976
5856961
5858475
5859170
5860556
5861765
5862540
5864165
5866382
5866861
5868538
5871445
5871619
5872687
5875179
5875276
5875476
5875788
5877002
5879636
5879955
5882072
5884359
5884997
5885976
5888069
5890354
5892103
5893921
5898819
5899598
5899780
5900763
5900959
5902915
5905406
5907615
5914256
5916790
5918348
5918972
5919558
5920094
5922567
5926862
5926996
5929909
5932553
5935077
5938875
5940124
5940459
5940725
5941413
5943341
5945649
5947735
5949290
5949718
5950344
5951114
5952731
5952864
5953234
5953876
5955900
5956085
5956354
5956974
5957448
5957839
5958391
5958486
5963495
5964425
5964820
5968891
5969007
5970027
5970790
5971261
5972473
5973611
5973619
5974370
5975468
5977449
5977485
5978351
5978434
5980472
5980894
5983720
5984793
5991232
5991527
5998049
5998070
5998080
6000536
6002927
6002959
6003572
6005473
6009184
6012597
6015459
6016295
6017265
6018079
6019794
6021334
6024713
6026114
6027544
6027745
6027763
6029923
6031681
6033714
6035855
6038428
6040617
6041127
6041706
6041892
6042229
6042753
6045065
6045652
6045817
6047614
6048840
6049343
6049453
6049836
6052084
6054514
6054612
6055267
6056554
6056577
6060814
6061854
6062776
6063013
6066828
6072395
6072527
6073023
6073760
6073815
6075112
6075314
6079097
6079993
6080044
6082628
6083105
6085296
6085649
6085715
6085863
6089776
6091753
6092679
6093930
6094040
6095070
6097278
6097891
6098336
6098394
6100924
6102888
6108258
6108428
6108935
6110277
6112184
6114282
6115604
6116929
6118908
6121446
6122077
6124715
6125257
6126808
6127130
6130231
6130941
6131276
6132608
6134286
6135467
6136984
6137422
6142031
6142763
6142955
6143764
6144189
6146419
6147641
6148608
6149048
6151211
6151486
6152827
6154436
6157523
6167392
6168110
6168319
6169820
6170350
6170762
6172209
6172329
6172901
6173286
6175077
6175742
6177474
6179063
6179607
6179710
6180434
6183570
6183972
6185315
6188183
6188758
6188942
6190767
6200574
6201064
6204985
6208132
6212937
6215932
6217463
6217696
6218104
6220522
6220872
6223816
6224110
6225973
6228906
6230830
6232007
6232222
6234055
6234298
6234761
6235430
6237944
6239978
6240826
6241179
6241443
6242277
6243011
6244500
6247495
6248136
6248613
6249409
6249786
6250747
6251114
6251361
6253203
6254801
6256106
6256596
6256763
6257032
6258891
6260491
6261841
6265744
6265782
6269930
6273902
6275630
6275661
6281218
6284581
6285479
6286673
6287788
6288264
6290326
6291689
6292007
6294792
6296802
6296853
6296862
6298473
6299035
6304158
6308415
6309344
6310384
6311300
6312763
6315638
6317945
6318606
6319285
6323365
6323875
6325734
6326143
6327419
6327972
6329285
6331634
6332808
6333696
6334108
6334355
6335353
6335455
6336999
6338057
6338423
6342841
6344409
6345438
6345994
6346179
6346697
6348807
6349398
6349517
6351386
6352069
6352097
6353366
6354182
6354461
6355225
6360229
6360258
6361180
6366651
6367928
6368699
6372345
6373496
6375132
6375474
6377066
6380644
6381299
6382343
6382915
6386485
6386695
6387899
6388078
6388804
6388967
6390249
6391212
6391371
6393007
6394104
6394184
6395416
6396207
6396989
6397144
6400241
6403941
6404509
6405129
6411373
6411555
6416933
6418166
6418674
6419072
6419442
6419489
6420721
6420917
6424020
6424601
6425519
6425770
6426158
6426972
6427825
6428902
6430346
6433290
6435219
6438312
6438524
6440950
6443808
6445001
6448060
6450097
6450853
6451554
6451829
6452782
6455690
6456955
6460445
6466846
6467034
6467175
6469185
6473799
6474632
6476149
6476313
6479263
6479635
6482640
6483240
6484481
6487559
6489255
6489956
6492511
6493479
6493995
6497225
6498457
6509461
6509565
6511310
6511726
6514261
6514517
6525474
6532537
6532665
6538526
6543175
6543198
6545546
6546546
6551489
6551864
6553796
6557137
6566615
6566724
6566921
6567427
6568723
6568941
6569418
6569720
6570704
6572601
6574709
6575410
6577613
6578371
6581951
6584237
6586706
6587502
6588804
6590280
6591351
6591831
6592051
6593450
6594293
6594828
6595272
6598653
6599765
6602582
6602720
6607278
6609597
6611982
6612184
6612286
6613264
6613662
6614465
6615491
6617117
6623978
6625586
6625733
6627204
6627328
6630763
6635747
6638066
6638624
6638697
6642100
6643569
6645605
6648079
6649163
6649673
6651363
6652879
6655495
6655632
6664057
6665330
6666219
6668370
6668386
6669004
6669094
6669786
6671813
6672945
6673933
6676966
6677433
6678999
6679827
6685202
6689815
6689857
6692385
6693346
6694509
6695013
6696351
6697573
6702893
6704364
6705013
6705541
6705788
6706314
6707125
6709617
6710285
6713116
6714557
6716140
6716689
6719153
6719547
6723374
6723881
6725136
6725467
6726069
6728957
6731026
6731542
6731761
6732827
6733139
6736204
6737142
6737920
6743776
6743960
6744605
6746376
6746643
6748764
6752035
6754550
6755251
6755658
6755846
6755965
6756111
6757243
6757884
6758907
6759291
6760939
6762049
6771600
6772451
6774883
6775003
6775461
6779785
6780718
6781164
6782745
6783335
6783362
6783843
6785071
6786954
6789231
6790429
6791150
6792575
6793935
6794117
6796342
6797403
6797660
6799345
6803491
6804562
6806414
6809711
6809717
6811563
6812551
6813595
6813720
6814266
6814934
6815244
6815919
6817430
6817435
6818910
6823106
6823504
6826746
6826989
6830678
6831978
6832537
6832556
6832808
6833380
6833441
6839298
6841122
6841469
6841681
6842138
6843187
6843916
6846146
6847274
6847709
6847973
6848005
6857018
6862734
6866676
6870894
6871549
6871947
6873389
6873567
6873844
6878218
6882874
6886541
6887474
6891209
6894177
6895322
6895799
6896228
6896293
6898578
6900063
6900076
6902074
6902472
6902522
6905335
6907212
6908036
6908266
6909768
6915588
6918440
6919023
6919656
6920351
6920552
6921369
6922988
6923608
6927324
6930480
6930682
6935993
6936237
6936527
6936719
6936750
6938372
6938977
6940346
6941448
6941650
6944531
6949039
6950297
6951115
6951899
6952383
6953648
6956383
6957583
6958009
6959141
6964152
6966626
6966896
6966949
6967034
6967950
6969213
6969788
6973291
6974338
6976149
6976300
6982370
6985456
6986096
6986233
6990662
6993722
6995723
6999437
7000326
7001630
7002158
7005098
7008105
7008374
7008405
7008911
7010212
7010514
7013768
7014411
7014825
7016596
7017468
7019866
7021357
7021488
7021665
7023428
7024592
7025874
7026804
7029580
7030609
7032465
7034428
7034627
7034824
7037212
7040440
7041201
7042482
7042623
7044118
7044550
7045652
7047503
7050326
7053696
7055983
7056883
7058398
7059108
7059722
7060422
7062913
7063317
7066559
7067575
7067866
7071905
7072267
7074610
7074644
7075539
7076126
7078562
7079878
7079937
7080023
7080709
7081241
7082438
7083674
7083746
7084974
7087485
7089299
7089789
7089835
7090087
7091286
7094593
7095238
7095515
7096948
7097288
7097312
7099252
7102794
7107470
7108049
7112135
7112794
7113060
7113888
7114608
7115287
7120508
7120755
7121644
7125212
7125747
7127104
7133821
7134038
7134437
7136628
7142834
7143242
7148254
7148652
7151108
7152163
7152577
7152655
7152985
7153347
7154758
7157786
7158840
7160091
7160379
7161391
7162170
7163700
7164067
7165803
7168835
7170558
7170620
7172440
7173080
7173714
7176250
7176770
7180534
7181689
7184835
7185065
7188172
7189613
7189960
7190210
7194566
7197545
7198903
7200097
7205592
7213345
7218569
7218600
7219179
7220826
7220859
7221115
7221403
7221621
7222507
7224298
7225901
7226474
7231036
7231472
7231861
7233484
7233487
7234212
7236716
7237662
7238288
7238691
7239594
7239617
7240773
7241384
7241710
7242671
7243203
7243521
7246280
7246283
7247991
7249376
7249784
7249946
7250601
7253489
7255068
7256331
7260698
7261906
7262871
7263140
7263229
7265458
7267822
7267963
7270940
7271407
7271485
7274344
7274579
7274840
7274989
7275462
7277270
7279272
7280196
7282649
7284363
7284682
7288048
7288915
7290061
7290765
7291667
7294125
7297530
7297985
7298695
7300629
7301686
7302003
7302365
7304549
7306908
7307243
7308401
7308667
7309515
7312791
7314091
7314369
7315552
7316098
7316459
7316560
7316935
7318016
7318296
7322282
7323582
7324856
7325707
7327096
7331136
7332111
7336140
7337646
7338108
7338809
7340320
7346151
7347668
7349527
7350000
7350394
7353021
7353203
7354631
7356249
7359688
7359805
7362332
7364850
7365340
7367365
7367879
7369007
7371364
7372514
7373271
7374156
7378600
7378681
7382266
7383398
7391244
7391354
7392741
7395565
7396642
7396860
7401022
7403998
7404159
7405322
7408624
7410906
7410953
7413458
7413461
7413938
7419133
7420215
7420342
7421479
7421996
7424160
7424960
7427859
7428508
7430214
7430583
7432500
7432822
7434561
7437557
7437955
7439926
7440473
7445391
7450740
7451575
7453278
7453545
7453810
7454506
7457460
7457667
7457899
7458139
7458996
7459655
7462877
7463350
7463474
7464660
7469997
7475816
7479122
7479252
7479452
7479787
7483365
7484964
7488292
7491591
7492243
7492357
7492516
7495481
7495729
7496332
7501948
7503865
7504263
7505347
7505624
7506150
7507268
7507897
7508058
7509378
7509831
7510359
7512854
7512928
7515626
7517360
7517799
7523387
7527692
7528948
7531576
7533771
7534760
7537239
7543442
7545878
7547286
7549314
7551633
7552048
7553270
7555152
7556879
7557584
7558246
7560987
7561616
7562621
7563596
7564041
7568640
7570106
7571073
7573014
7575861
7576208
7577669
7577989
7579180
7582542
7582836
7585992
7586135
7587110
7588360
7591150
7591380
7592726
7593085
7594585
7594948
7596066
7598961
7600391
7600956
7602331
7606338
7608059
7608112
7608507
7608574
7609504
7609812
7611470
7613500
7614649
7614736
7615428
7619174
7620067
7621077
7622566
7622776
7622872
7624749
7624802
7629541
7631039
7631563
7633999
7635717
7636545
7636871
7637659
7639537
7639635
7641209
7643049
7644420
7648175
7652936
7656044
7656160
7657165
7659807
7661611
7662106
7663965
7664873
7666232
7671050
7672234
7672338
7673850
7683325
7683727
7685664
7688834
7688872
7689701
7691561
7692132
7692330
7692693
7693209
7696037
7697767
7700274
7701831
7702620
7702720
7705276
7706119
7711872
7712696
7713261
7713938
7715307
7715444
7716013
7721889
7722032
7723614
7723878
7725171
7727241
7731147
7732792
7735425
7735902
7739133
7740100
7740982
7744245
7746478
7749054
7749209
7749348
7755147
7757363
7757441
7757524
7759259
7759767
7759966
7760234
7763385
7763443
7764401
7766589
7768114
7769022
7769342
7773210
7773496
7774112
7774767
7775393
7777038
7777084
7778678
7778737
7779218
7779333
7780822
7781440
7782074
7782099
7782781
7784623
7784747
7787509
7787525
7787601
7788349
7791307
7792938
7794977
7795090
7795094
7795529
7796071
7799821
7801853
7802801
7802993
7805360
7806094
7806166
7806612
7807832
7810134
7812779
7814165
7815082
7815631
7818626
7818814
7820652
7824032
7826862
7830734
7833417
7834857
7838342
7838598
7839051
7840086
7843433
7843602
7847366
7848513
7850318
7851434
7852432
7852836
7857055
7859621
7862853
7863414
7863461
7863483
7866465
7867192
7871916
7872153
7873587
7877058
7877090
7878059
7878475
7878610
7879536
7881511
7881992
7882172
7883218
7883280
7885950
7889075
7889149
7889157
7890230
7891393
7891603
7895585
7898601
7900234
7903028
7903623
7905119
7907705
7910106
7910205
7910878
7912277
7914462
7914589
7914888
7915245
7916161
7916577
7918098
7918161
7918360
7919805
7919821
7920757
7921347
7922171
7923549
7925631
7928818
7936823
7937666
7938633
7941248
7942517
7942770
7943155
7944541
7945295
7946930
7946983
7947205
7947951
7953325
7956691
7957565
7957699
7958354
7960470
7960914
7961442
7961661
7962269
7963993
7964964
7965188
7970507
7976388
7976888
7980089
7980566
7982010
7983273
7984620
7986370
7987059
7988757
7990795
7993062
7993588
7996167
7997837
7999563
8000024
8002082
8002448
8004098
8004857
8008915
8010365
8010739
8011454
8015263
8016073
8018632
8021726
8023915
8024317
8024845
8025150
8027126
8028446
8030402
8031060
8032365
8033705
8037459
8040460
8044954
8046905
8048718
8049915
8052099
8052935
8055836
8062113
8063323
8064239
8065677
8066259
8066922
8067917
8075408
8075645
8075669
8075710
8076735
8078317
8079145
8079898
8080990
8082314
8084011
8087440
8088296
8088301
8091499
8092030
8093020
8094619
8095666
8098223
8098824
8098893
8098999
8099373
8101087
8101360
8101784
8101854
8104769
8108617
8110252
8110703
8110975
8114133
8117277
8117423
8117489
8118892
8119094
8119524
8131183
8131475
8135346
8136129
8136188
8136747
8136887
8137842
8141011
8142230
8142253
8142647
8143210
8147267
8149240
8150070
8154934
8156138
8158427
8158890
8164934
8166573
8171689
8172521
8174412
8175029
8176354
8178233
8183876
8184576
8185630
8185643
8187723
8191268
8191894
8192116
8192157
8194642
8200846
8201107
8202294
8202861
8203251
8204877
8204911
8208853
8210715
8211425
8213379
8213580
8214671
8215305
8215395
8215587
8215652
8219943
8222013
8225753
8227992
8229161
8233452
8233956
8234354
8236828
8239246
8240533
8242481
8243705
8244134
8244909
8248240
8249380
8253677
8256678
8257186
8259111
8259371
8260209
8260905
8261482
8268606
8269491
8275789
8276209
8278462
8280698
8280956
8281919
8284381
8285965
8291830
8294527
8296461
8296744
8299611
8299929
8300358
8301079
8301963
8302006
8303634
8304746
8307451
8307620
8309599
8312618
8312914
8312924
8313506
8316598
8317653
8320497
8331866
8333457
8336930
8341752
8341756
8344473
8345930
8346504
8350977
8351694
8353522
8353793
8354764
8356986
8358346
8359186
8359978
8360523
8360588
8361461
8362644
8362736
8362941
8364389
8365957
8366925
8368605
8372251
8374512
8374783
8375219
8378993
8380267
8380495
8381576
8384396
8385534
8391782
8395053
8395757
8397994
8398807
8398910
8399884
8400535
8401461
8401526
8402772
8404311
8404411
8409413
8410215
8410747
8411208
8412249
8414980
8415203
8417553
8421427
8423306
8425776
8427382
8428497
8429285
8429330
8429830
8434392
8436897
8437953
8438857
8439239
8441819
8442762
8443161
8446756
8452083
8452401
8452636
8455571
8456985
8457901
8460594
8461510
8462597
8462730
8466155
8467598
8467620
8468240
8469752
8470617
8472546
8474058
8479834
8481670
8482304
8485087
8485437
8486262
8486696
8489343
8489926
8490226
8490365
8491185
8494465
8494757
8497603
8500808
8503082
8504094
8512232
8513332
8515610
8517448
8517740
8517854
8520208
8522079
8525616
8525811
8526296
8527722
8527946
8529072
8529531
8532557
8533091
8533136
8533438
8534930
8535491
8536666
8540639
8541698
8544912
8545460
8545664
8546682
8546750
8546900
8547863
8549589
8550091
8551162
8551550
8554527
8554981
8555087
8556528
8556677
8558129
8559612
8560647
8561214
8563986
8564047
8564345
8564492
8564711
8565247
8565906
8567326
8569350
8569437
8576269
8576302
8579727
8582686
8584654
8584999
8585427
8588453
8590138
8592518
8595101
8595691
8596360
8599973
8600083
8602762
8603304
8604614
8606172
8608449
8612215
8614308
8614353
8617372
8617811
8618562
8618607
8621097
8621746
8621948
8622631
8627670
8628219
8630274
8631245
8631930
8632020
8635663
8636420
8637398
8638050
8638352
8641535
8641924
8642455
8643079
8643281
8645154
8645411
8646107
8648626
8651723
8654187
8657305
8659963
8663576
8665228
8665699
8668180
8670989
8671128
8672230
8672525
8674522
8675465
8680522
8682189
8684707
8685694
8692489
8695194
8699056
8699522
8701196
8701625
8702033
8703230
8705172
8705186
8706153
8707553
8708438
8708588
8711957
8712170
8714379
8714657
8714781
8718845
8721638
8723894
8724676
8726540
8728648
8728815
8730241
8730800
8731157
8731438
8731946
8732701
8732977
8735578
8735873
8736210
8742189
8743682
8743795
8744713
8744858
8746426
8747389
8749276
8749368
8749521
8750256
8750974
8751314
8756343
8757022
8758203
8759144
8759505
8761015
8761841
8763114
8765899
8766068
8768178
8768247
8770566
8772054
8772078
8772109
8773408
8774176
8775038
8776283
8776321
8780918
8781583
8782507
8782915
8784141
8784959
8789096
8789301
8789751
8792671
8793222
8793242
8798299
8799009
8799558
8799631
8800080
8801541
8801889
8803822
8804638
8805095
8805270
8805523
8806970
8807667
8812037
8815517
8816131
8818971
8820073
8821591
8822669
8825729
8826333
8830146
8831371
8832480
8832898
8833266
8836342
8836983
8837923
8842332
8844505
8846977
8847038
8850331
8850418
8851463
8854698
8855875
8856423
8856946
8857757
8858897
8859696
8860794
8865733
8873749
8874093
8877060
8878981
8880303
8882237
8882902
8883053
8884830
8889836
8891393
8892823
8894435
8894572
8896754
8898072
8900006
8900404
8900780
8902181
8907220
8907526
8908881
8912132
8913665
8921406
8921541
8922920
8923597
8924132
8924273
8926088
8926907
8927319
8937146
8937731
8938678
8939053
8940913
8943367
8946934
8948769
8949967
8950394
8952886
8954681
8954727
8954768
8959715
8961186
8961224
8961492
8964868
8968903
8970880
8971029
8973045
8974205
8976223
8977765
8981937
8982082
8983457
8986168
8987961
8988777
8988791
8993202
8993398
8993686
8994286
8994599
8995312
8997113
8997415
8998574
9001299
9001960
9002009
9004329
9004602
9005318
9005490
9008341
9008590
9008941
9010439
9011795
9015932
9017122
9018813
9021667
9026539
9031239
9031574
9032651
9035766
9037625
9038624
9039485
9040699
9044479
9048341
9049124
9062156
9064557
9065226
9065429
9065596
9065700
9066851
9067548
9067922
9068028
9072453
9073689
9077098
9081373
9082906
9082962
9084482
9087600
9087771
9088706
9088738
9090731
9090758
9091372
9092206
9093455
9093575
9094830
9095252
9101468
9101890
9103012
9106391
9107362
9110473
9111160
9112113
9113317
9113722
9115461
9118187
9118452
9119282
9121416
9124761
9126355
9126689
9129241
9130437
9132842
9133446
9136918
9136987
9137096
9137430
9137714
9139697
9141019
9141514
9143775
9143950
9145503
9146043
9153665
9154858
9155613
9157368
9160087
9161026
9161342
9161925
9162368
9163414
9163876
9164018
9166844
9169519
9173015
9173907
9176904
9178195
9179121
9180486
9180733
9184184
9188829
9190190
9192551
9197700
9199044
9203871
9207280
9208745
9212006
9216207
9216546
9216780
9218873
9219698
9220710
9225418
9225977
9229170
9230755
9231852
9232281
9233097
9233486
9234467
9237003
9238607
9241332
9242028
9243109
9243929
9247875
9248542
9253926
9254003
9255382
9256411
9256819
9260105
9263361
9266843
9266984
9270667
9271107
9272129
9275181
9276054
9276132
9278354
9279169
9280200
9280516
9282976
9284608
9289308
9289674
9290159
9292159
9293590
9294296
9297305
9297956
9298687
9299527
9303330
9303874
9304337
9304515
9305458
9308065
9309523
9311056
9312106
9315056
9315174
9317769
9318885
9320246
9322792
9323735
9330597
9334873
9336362
9339131
9346122
9347415
9348056
9348692
9350316
9351610
9352659
9353813
9354281
9355922
9356561
9357867
9357981
9359666
9360437
9362697
9363338
9365150
9365517
9366027
9372196
9373695
9373853
9374603
9375136
9376130
9376439
9378881
9385395
9385859
9386119
9387303
9387592
9388194
9389200
9391783
9391893
9396124
9396397
9399869
9401032
9403384
9407254
9408986
9409653
9411480
9412352
9413940
9414070
9415205
9415521
9415590
9416725
9418059
9418357
9418932
9420001
9424270
9425229
9425589
9426129
9429610
9430532
9433895
9436101
9436964
9436995
9438764
9439245
9439263
9440289
9443425
9444298
9445987
9448457
9450192
9452762
9456632
9460921
9462559
9463666
9465780
9467145
9467930
9469128
9469134
9470178
9471347
9471451
9472322
9474321
9474581
9475899
9478181
9478597
9478859
9479418
9480417
9480898
9482421
9483553
9485493
9487239
9488814
9496399
9497243
9499051
9499085
9500934
9501969
9502638
9504731
9506365
9506436
9506614
9507223
9509280
9509527
9511145
9514617
9514859
9515788
9518689
9523407
9526490
9528418
9530476
9531103
9532170
9538245
9538901
9540839
9542627
9543049
9545454
9547347
9548122
9548475
9549271
9553054
9556356
9556705
9556781
9559700
9560155
9560608
9561244
9563035
9564992
9566046
9566191
9568138
9568417
9571342
9572669
9575307
9578670
9582061
9587435
9588960
9590617
9593053
9600264
9602143
9602990
9604386
9607878
9610002
9612843
9616366
9616565
9618739
9619437
9621402
9621614
9621734
9622077
9622105
9622389
9623744
9624459
9625106
9627583
9633373
9636630
9636694
9639850
9644234
9644577
9647912
9652443
9653232
9654351
9655632
9656689
9658302
9661107
9662827
9666511
9667295
9667605
9667784
9668435
9672836
9673207
9678658
9678764
9685577
9685651
9691539
9692612
9695133
9698307
9702578
9708636
9711125
9712268
9712296
9714124
9714440
9722790
9723774
9724700
9724944
9725791
9726793
9727056
9727329
9727454
9728535
9729849
9733684
9736328
9737773
9739262
9739584
9741955
9742363
9743471
9744998
9747151
9750986
9751484
9752445
9753652
9755305
9755339
9755904
9759058
9762694
9763944
9764140
9764859
9766301
9766941
9767845
9770064
9775912
9777187
9780347
9781846
9784296
9787534
9787574
9787585
9791897
9793105
9793430
9794786
9797249
9798909
9800508
9801437
9802028
9803005
9803664
9804723
9805392
9805468
9805721
9808116
9811080
9813600
9815576
9816857
9819138
9819212
9820369
9823027
9823100
9823272
9824891
9825262
9825968
9826458
9826613
9827044
9828112
9830771
9833257
9833745
9834030
9834241
9837762
9839017
9839627
9840067
9841287
9842015
9843109
9845504
9845689
9848456
9848742
9849044
9849705
9851377
9852295
9852381
9852797
9853513
9853877
9854505
9857991
9859794
9861376
9862431
9863157
9864872
9868361
9872302
9872421
9883108
9886267
9886391
9890749
9892311
9892613
9893049
9893066
9893072
9893402
9895187
9895193
9896959
9898958
9899892
9901999
9903892
9906794
9912149
9912351
9912526
9916588
9918399
9918962
9919189
9921866
9922439
9923987
9926549
9929852
9930515
9930978
9932229
9932337
9934573
9934703
9937156
9941040
9941078
9944822
9945141
9945594
9945811
9947821
9948806
9949551
9949647
9956177
9959965
9963018
9964143
9964801
9968668
9968887
9971435
9971933
9973261
9974170
9974293
9975037
9977953
9979827
9982827
9983706
9984616
9984879
9987635
9989387
9990234
9992519
9993211
9993276
9999269
10000477
10003664
10005789
10005946
10006138
10006628
10007413
10007674
10008072
10008213
10011397
10011553
10013390
10014103
10015763
10016642
10018061
10018874
10019852
10020165
10023152
10028768
10028911
10031254
10034146
10036665
10038012
10041946
10043463
10044889
10045864
10048881
10050642
10050655
10050791
10052083
10053957
10059092
10061544
10063980
10066696
10067048
10067238
10068042
10068666
10069849
10071588
10075249
10076948
10080210
10081529
10082597
10084858
10084932
10085780
10086390
10087269
10089083
10089173
10091376
10091674
10093856
10096346
10099907
10100195
10100283
10105468
10109033
10116664
10117095
10121194
10121861
10126993
10127007
10128797
10129552
10133576
10135560
10135719
10135898
10141304
10142943
10143473
10143856
10145921
10146237
10148161
10149691
10153012
10153722
10158871
10162092
10163782
10166887
10166933
10167028
10168256
10168719
10173847
10174253
10175017
10176173
10176791
10178643
10179113
10180339
10181261
10184078
10185063
10185861
10193273
10195443
10197185
10197551
10197614
10200666
10202529
10206776
10208516
10211219
10214842
10217111
10217404
10218160
10219704
10220377
10220504
10221424
10221989
10224178
10226026
10228260
10230016
10230939
10233927
10235182
10241374
10242116
10243619
10243830
10251343
10252606
10253143
10254248
10255795
10257110
10257710
10257728
10257861
10259349
10262828
10265768
10270491
10270999
10271497
10272474
10273692
10276118
10283280
10285277
10285345
10285783
10286463
10286477
10288498
10289880
10290164
10292854
10296167
10296990
10298460
10300172
10301004
10301859
10301979
10302848
10304283
10307040
10309976
10310523
10311172
10312806
10313461
10313512
10313653
10314401
10314569
10314960
10317604
10318159
10318589
10321095
10322090
10322249
10323031
10326801
10327223
10329553
10329741
10330087
10330289
10331340
10333278
10335593
10336711
10337374
10337819
10339926
10342103
10343023
10343430
10345431
10345538
10346844
10349331
10353118
10353736
10354038
10354693
10356116
10356231
10357602
10357863
10363577
10364250
10367589
10370256
10370409
10370497
10371907
10372006
10372404
10374349
10375673
10376129
10376572
10376733
10377052
10378486
10378875
10378953
10382246
10386774
10388358
10388839
10389451
10390286
10390606
10391034
10395414
10396008
10396045
10396399
10396516
10402318
10403754
10404533
10405431
10406300
10406434
10407206
10407699
10408169
10408344
10408581
10412583
10414381
10414948
10414968
10418663
10419017
10419778
10422123
10424157
10425668
10425997
10427527
10428375
10429948
10432082
10432682
10433441
10438576
10441266
10441646
10447951
10448662
10449161
10452046
10458348
10458372
10460029
10461948
10462818
10463350
10463570
10465313
10465455
10465586
10466533
10468155
10468865
10471237
10471728
10476429
10477863
10480881
10483641
10484138
10484218
10486502
10486839
10486955
10489771
10490566
10490844
10495510
10500010
10502652
10504672
10505635
10505863
10506271
10506840
10506858
10507215
10510884
10512538
10514254
10514627
10514757
10516414
10519647
10523093
10523876
10526386
10526579
10527477
10528914
10529130
10530586
10530592
10532084
10533006
10535792
10537161
10538557
10541607
10541950
10542423
10542873
10544214
10548581
10549534
10551668
10553737
10556220
10560365
10565716
10570608
10571557
10572014
10572974
10573376
10573420
10575469
10576867
10577403
10577454
10577970
10578821
10579331
10581296
10584964
10588603
10588669
10589909
10590229
10594783
10600005
10602115
10605799
10614170
10617278
10617928
10618605
10620498
10622454
10626690
10626916
10627250
10627654
10630162
10630622
10631070
10633058
10633980
10635321
10635613
10636788
10638515
10638519
10638607
10644731
10646219
10647153
10647790
10647883
10649577
10652616
10653575
10653618
10656137
10657553
10658473
10662088
10664043
10669724
10670255
10670800
10671264
10673213
10677525
10678900
10680196
10689324
10690127
10693973
10694670
10694684
10697291
10698803
10699888
10701161
10701248
10701510
10702241
10702585
10702696
10705320
10705685
10705993
10707270
10707619
10710679
10712560
10712796
10717130
10718003
10718812
10720385
10720546
10724578
10724623
10724734
10724884
10725539
10731660
10732032
10732562
10732727
10735141
10737087
10740723
10741294
10743273
10747679
10751824
10752441
10752989
10753363
10753861
10754293
10757318
10757849
10760103
10766178
10766436
10769153
10771099
10772068
10776977
10778368
10779890
10782419
10783468
10784830
10785753
10790734
10794617
10794864
10796997
10800317
10801378
10801818
10801955
10802267
10803793
10804122
10805199
10807116
10808328
10809267
10811721
10812023
10814428
10818235
10820040
10821168
10821539
10822437
10822568
10824114
10825933
10825995
10832166
10833521
10833953
10834765
10835437
10835662
10836179
10840106
10843191
10843503
10844213
10844713
10844971
10845480
10846161
10846583
10853774
10856339
10857622
10858289
10862339
10874087
10877502
10877639
10882474
10884681
10885308
10887909
10887957
10888200
10888433
10888798
10889637
10891899
10891954
10895510
10896297
10896522
10899143
10899472
10900433
10900934
10903173
10904464
10905010
10906247
10911775
10914593
10916068
10916584
10917414
10920803
10924779
10925489
10926572
10928614
10929911
10932559
10932713
10933378
10935876
10936619
10941838
10942411
10943255
10943405
10944057
10945797
10947079
10947213
10948170
10948345
10949113
10949759
10950887
10953902
10955714
10956863
10961197
10961234
10963528
10965278
10967877
10967936
10970690
10973967
10976141
10976315
10976556
10977226
10979012
10987039
10988636
10989031
10989387
10989777
10990095
10990525
10995228
10997190
10998357
10998500
10998659
10999314
11000693
11001722
11002884
11004225
11004449
11004755
11004820
11009144
11010061
11011463
11011916
11012177
11014184
11016269
11019970
11020939
11021580
11024627
11026627
11026780
11030505
11031380
11031665
11035860
11036166
11037682
11042159
11044069
11044197
11044271
11044913
11047819
11048751
11050375
11050591
11051376
11056676
11057805
11059019
11059155
11059575
11063625
11066254
11066703
11066958
11067287
11067422
11067436
11067838
11075478
11076181
11076726
11078263
11079745
11081855
11083412
11084668
11084928
11085162
11085872
11086766
11088112
11090856
11091658
11093151
11094200
11095056
11096035
11096431
11097916
11103061
11103363
11107099
11107411
11107549
11110348
11111036
11112821
11115130
11115181
11116752
11117805
11117989
11118268
11119384
11119643
11121905
11123128
11123999
11124031
11124172
11124302
11125790
11126943
11128556
11134476
11134654
11137644
11141519
11146164
11146558
11149169
11150399
11151694
11153673
11154502
11158777
11160406
11161584
11162897
11162959
11164368
11164457
11166975
11171562
11171932
11173031
11176911
11177465
11179298
11179957
11180423
11182063
11182293
11183454
11184892
11188890
11190007
11195001
11196859
11197092
11198862
11199371
11200140
11200607
11203265
11203410
11204344
11205067
11205272
11205609
11205630
11207421
11207647
11207867
11208098
11209447
11211464
11216246
11217511
11218115
11218712
11221203
11221848
11225796
11227790
11228151
11229261
11234303
11237744
11242050
11245494
11246186
11249022
11251129
11253263
11257212
11257500
11259232
11260821
11264885
11265718
11265932
11267382
11268127
11268641
11268769
11268998
11276232
11277093
11278206
11279629
11279755
11281448
11283684
11288494
11289464
11292805
11292874
11295067
11299501
11301775
11302841
11305704
11306528
11308165
11308565
11314774
11318402
11318451
11319254
11322152
11322247
11323877
11323891
11326588
11328060
11329565
11336381
11336954
11337701
11338447
11338937
11339464
11340010
11340047
11344659
11347810
11348503
11353464
11355103
11355437
11360994
11361453
11362781
11363289
11364297
11364534
11366912
11369471
11376070
11376542
11377086
11377160
11377453
11379391
11381517
11382717
11384536
11386554
11386736
11387407
11388327
11392734
11398015
11400782
11401918
11402364
11403595
11407255
11407946
11409362
11416292
11416414
11416463
11417726
11418854
11423120
11426572
11426802
11428024
11428624
11428661
11429199
11430483
11430603
11431345
11432572
11433059
11436115
11438965
11439265
11440289
11440915
11445802
11447387
11457915
11458046
11458485
11458972
11462854
11464790
11465202
11466173
11466585
11467592
11469780
11470007
11470245
11470406
11471006
11477534
11479499
11479664
11480105
11482572
11483732
11486081
11486425
11489238
11489381
11489389
11493186
11495503
11496068
11497285
11500052
11502086
11503131
11503195
11504156
11506149
11507272
11507501
11508115
11509408
11510225
11510859
11511744
11517500
11517795
11519653
11521785
11528128
11529746
11529942
11530190
11531875
11538912
11541742
11541778
11544398
11545338
11545952
11546731
11549382
11550442
11552515
11555595
11556977
11557084
11559688
11559718
11562705
11563551
11565173
11565398
11568142
11571041
11572081
11573511
11576571
11579313
11579813
11581117
11582695
11585282
11585737
11586194
11588411
11591737
11593129
11593381
11596629
11598310
11602670
11604402
11606752
11608103
11608749
11610082
11610553
11611091
11611122
11613107
11613274
11615500
11621520
11622687
11626593
11627907
11628725
11630521
11630823
11631983
11635464
11637499
11639285
11640370
11640647
11642277
11644626
11648016
11648030
11649687
11658918
11659188
11662202
11662594
11665218
11666752
11666989
11667815
11671006
11677197
11683118
11683787
11683911
11684196
11685870
11686965
11689872
11690535
11691510
11697451
11698600
11698881
11700823
11701368
11701804
11702037
11702308
11704194
11704304
11705074
11706743
11709251
11710782
11710874
11711437
11712476
11715211
11716582
11718871
11719096
11720063
11720237
11721669
11722013
11725669
11726318
11730016
11731504
11731844
11732166
11733168
11733301
11735165
11736192
11737312
11738733
11741174
11742134
11743046
11744254
11745211
11745427
11747804
11750646
11750974
11752738
11753918
11754830
11756099
11762559
11762774
11764934
11770522
11777062
11777440
11777876
11778129
11782252
11783909
11784166
11785957
11789398
11791185
11792558
11793830
11795466
11795833
11801539
11801806
11802547
11803648
11804220
11804821
11806241
11812430
11813349
11819736
11821137
11822007
11822464
11823983
11826444
11827293
11829231
11831269
11835690
11836734
11837776
11839214
11839516
11840041
11841196
11842625
11843666
11845974
11846157
11847358
11848146
11851165
11851787
11854140
11854427
11855306
11855998
11857059
11857842
11857907
11857911
11858105
11865782
11868128
11873573
11875144
11876697
11879802
11879826
11880206
11880870
11882447
11884714
11886554
11887297
11887788
11890104
11890220
11890718
11892511
11895428
11895941
11896797
11897856
11897962
11898474
11899225
11900686
11903680
11904751
11905433
11905968
11906545
11907248
11909280
11909656
11910308
11910700
11911190
11912967
11913522
11916157
11919010
11919807
11921045
11921413
11922798
11923096
11924355
11927011
11930683
11933998
11934238
11934804
11936348
11939895
11940622
11940709
11941877
11944855
11948186
11949418
11950292
11953799
11954566
11955390
11956039
11961427
11966522
11968789
11968821
11969421
11969921
11970498
11970531
11971016
11971515
11972123
11979352
11979520
11981515
11982147
11986390
11987361
11987910
11988651
11989498
11990103
11990562
11992706
11993114
11997131
11998955
12000091
12001518
12002266
12007831
12007882
12010302
12011148
12012026
12017171
12017461
12018125
12019150
12020782
12023328
12023803
12024130
12024976
12025389
12028201
12030433
12035256
12035325
12036680
12039269
12040566
12041884
12043122
12044288
12047254
12050607
12051522
12053112
12054848
12055340
12055453
12055540
12058187
12058688
12059835
12061032
12066122
12068821
12069607
12069898
12071138
12071679
12075388
12076390
12077243
12078060
12079580
12081686
12085254
12086488
12087325
12089703
12090289
12090290
12093037
12093644
12096432
12098759
12098940
12103459
12109950
12110940
12111760
12117976
12118174
12119396
12120218
12124302
12127660
12129796
12131443
12135286
12136643
12137796
12138661
12143638
12143652
12148567
12149795
12150434
12150990
12151641
12152773
12152900
12153412
12156647
12156821
12159275
12159365
12165120
12168137
12172120
12173178
12173917
12176357
12176422
12177457
12177732
12178272
12178491
12180269
12183843
12186483
12186740
12189731
12191635
12191859
12192679
12193005
12193838
12195851
12195976
12196715
12201612
12202520
12206270
12209954
12210246
12211168
12211689
12212643
12215683
12219157
12220136
12224239
12224455
12225030
12227882
12228941
12229151
12230526
12230841
12235414
12237387
12238403
12238909
12240154
12241137
12243122
12249013
12250501
12250843
12253506
12253630
12254630
12259601
12260844
12262154
12266332
12268006
12268188
12269479
12270654
12272431
12272495
12273364
12274761
12274795
12275636
12276495
12277295
12278198
12281455
12282585
12284575
12288907
12293515
12294656
12295102
12298203
12298499
12298622
12299181
12301171
12302646
12304724
12305974
12306629
12306780
12307024
12313712
12317969
12318757
12318881
12318981
12319344
12320738
12321280
12325797
12326576
12326713
12327227
12329296
12329547
12331585
12334116
12336352
12337683
12339131
12339360
12339368
12341439
12341848
12342108
12343264
12344984
12345965
12346071
12347813
12350561
12351459
12353366
12353850
12354224
12354697
12359360
12367233
12369419
12369570
12369612
12370664
12372210
12375273
12377733
12378017
12379779
12380628
12382127
12383857
12385351
12387986
12390999
12391815
12394013
12394837
12395418
12395826
12395863
12397050
12398845
12400561
12404074
12404397
12405615
12406661
12410504
12412267
12414119
12414884
12420040
12421764
12425203
12425491
12427158
12427998
12431158
12432368
12432858
12434498
12437192
12438378
12439229
12439345
12441254
12444319
12445104
12447342
12448690
12449551
12450934
12450998
12454731
12456802
12457050
12457465
12458933
12460467
12468681
12468826
12468874
12470188
12472102
12473679
12473746
12474850
12475758
12475935
12476829
12479224
12482873
12482967
12487457
12487658
12489477
12490311
12491689
12492242
12497580
12497599
12498807
12501259
12501593
12501889
12503233
12503703
12511681
12512605
12513058
12513333
12513681
12513699
12514149
12514731
12514814
12515659
12516165
12517771
12518523
12519994
12522008
12525533
12531304
12536562
12536686
12541327
12542367
12544702
12546329
12550057
12551415
12551982
12554986
12555247
12556972
12557226
12558656
12558664
12560461
12561563
12564001
12564252
12564413
12568317
12569947
12570904
12576530
12577449
12582265
12583392
12583593
12584948
12585458
12587055
12588843
12592604
12599547
12601023
12604079
12605381
12606671
12607570
12607853
12608110
12608151
12608875
12611485
12614524
12624248
12625810
12626171
12626561
12627277
12631037
12636070
12637861
12638359
12641522
12643257
12643373
12643871
12644369
12646950
12647400
12648591
12650537
12650715
12652107
12652364
12656062
12656927
12662523
12663152
12668768
12668778
12669471
12673183
12675318
12677677
12677705
12678062
12680686
12681098
12685343
12686126
12686802
12687443
12688597
12691117
12691724
12694654
12694705
12702530
12703587
12705680
12707062
12713590
12715016
12716381
12716901
12720806
12721827
12725845
12726145
12726338
12727726
12730175
12733321
12735565
12737503
12737989
12744515
12756943
12757063
12757443
12758096
12759742
12760225
12763804
12764263
12765316
12765360
12766009
12768743
12769024
12771287
12771340
12771890
12771995
12775940
12776517
12777850
12778716
12779943
12780075
12781361
12782074
12785714
12787621
12791287
12792811
12793109
12794107
12794172
12799732
12801202
12802065
12807149
12807836
12810003
12810788
12810917
12813379
12814589
12815110
12815560
12817933
12819759
12822411
12823151
12827721
12828266
12829842
12833662
12834774
12840537
12840663
12843027
12844148
12844555
12846681
12846753
12847199
12847775
12848152
12848303
12848554
12848609
12855049
12856108
12857281
12857400
12859397
12862691
12863912
12865346
12865796
12866649
12867272
12870738
12872507
12872832
12873624
12874134
12874720
12876244
12876315
12876864
12877445
12877935
12878628
12880956
12882923
12884847
12885071
12885664
12886666
12887025
12887825
12888059
12889602
12890069
12896181
12897831
12898929
12899625
12902293
12904207
12904802
12906143
12907450
12907477
12908705
12909995
12910860
12912928
12912946
12913408
12917545
12917967
12919671
12921984
12922410
12924983
12925388
12925421
12925538
12926256
12927198
12928563
12930320
12930835
12931154
12935140
12937142
12937294
12937788
12940155
12940454
12941246
12944284
12947966
12949753
12950079
12951697
12951864
12955204
12957238
12957462
12961396
12962044
12967165
12968672
12969413
12969917
12975030
12976857
12977032
12981099
12982680
12984891
12985940
12987288
12991383
12994773
12995960
12997131
12997233
13000361
13001552
13002005
13002062
13002844
13004045
13006279
13006571
13007181
13009321
13011936
13012697
13012838
13022316
13023822
13024013
13024864
13025372
13026370
13027061
13030305
13032861
13033173
13033210
13034157
13034785
13035352
13036068
13037320
13038922
13040411
13041605
13041707
13042760
13046791
13048369
13048973
13050428
13054951
13057744
13059621
13061020
13061913
13061971
13062268
13063082
13067871
13068036
13071496
13071565
13077067
13082818
13086607
13087747
13089063
13089414
13092700
13093591
13094179
13097417
13097472
13098372
13101954
13102140
13105516
13107951
13108514
13108856
13114629
13115216
13116730
13117509
13118884
13119135
13119878
13120704
13121752
13121916
13122469
13126177
13127781
13128074
13133103
13133817
13134996
13135223
13136629
13139648
13141702
13141880
13144619
13145281
13146056
13148145
13148175
13148495
13152658
13154898
13157403
13161218
13162762
13164119
13166281
13170596
13171004
13171214
13174456
13182602
13183505
13185878
13187659
13189635
13194526
13196560
13196633
13196918
13197296
13197847
13198595
13199161
13201205
13202410
13203339
13204526
13204550
13206745
13207178
13208279
13208388
13208433
13210632
13210852
13213192
13213408
13213726
13214549
13217136
13217956
13218921
13220779
13221269
13222446
13223509
13224347
13227843
13230021
13231534
13232785
13233266
13236222
13239794
13240774
13242555
13243018
13243719
13247526
13247591
13250654
13251851
13254833
13255330
13256492
13256495
13259294
13261744
13263686
13264399
13265169
13265601
13271731
13273669
13276536
13277013
13277741
13278145
13279490
13282427
13282852
13286663
13286938
13288282
13291437
13291832
13292697
13292813
13293097
13294405
13294586
13294768
13308552
13308875
13311080
13311135
13311909
13312084
13313028
13316786
13318365
13321209
13321303
13323200
13324459
13324736
13327519
13329663
13331051
13331477
13332129
13334781
13336517
13338595
13340485
13346557
13347102
13351916
13352348
13353044
13354099
13355507
13356232
13357836
13358053
13358806
13359311
13361321
13365132
13365751
13367271
13367516
13368475
13369814
13371244
13371797
13372096
13372733
13375458
13375495
13377350
13380198
13386417
13393454
13393827
13395421
13398931
13399927
13401138
13402557
13404619
13407147
13409085
13412636
13414660
13416882
13418248
13422845
13426137
13426731
13426766
13427812
13430842
13431386
13434546
13439008
13442731
13443162
13444582
13445361
13445828
13446126
13447303
13447495
13447560
13450744
13450969
13452373
13453719
13458401
13460064
13461433
13461534
13462777
13464953
13465498
13466024
13469440
13471563
13472969
13473861
13474040
13480170
13484296
13487099
13487525
13488251
13492615
13495575
13497379
13498855
13503146
13503870
13505969
13507805
13509115
13511044
13512879
13520062
13520714
13520957
13522048
13522098
13523916
13525533
13525748
13527659
13529307
13529938
13532781
13533940
13537165
13537388
13538249
13538736
13540917
13543037
13544530
13546705
13551099
13552715
13554910
13556825
13557837
13559143
13560227
13560889
13561420
13562784
13563239
13563755
13564208
13566569
13566701
13570218
13574158
13578862
13580557
13582651
13582848
13584579
13584758
13584923
13586325
13586623
13588949
13589875
13591358
13591962
13595283
13599828
13600254
13601487
13604022
13604043
13604438
13608382
13609375
13610414
13611971
13613450
13614351
13615233
13616122
13619443
13621946
13622719
13622993
13626081
13628254
13628852
13630611
13630629
13631671
13631936
13633699
13635476
13636370
13637273
13638350
13640038
13643712
13644036
13644528
13644601
13644706
13644776
13645195
13645205
13645217
13649036
13650758
13652003
13652284
13653657
13655299
13656384
13658463
13658971
13659791
13662576
13664027
13664253
13665194
13666589
13666662
13668664
13671155
13671981
13672154
13674568
13675132
13676349
13677769
13679531
13679800
13680630
13682332
13683152
13684152
13684843
13685568
13695144
13695342
13695462
13699187
13705191
13707384
13708355
13710409
13710556
13710848
13712343
13716674
13716917
13717482
13717994
13719308
13720748
13721873
13722222
13723193
13726960
13727228
13728240
13728554
13731704
13732589
13733831
13735125
13735581
13736383
13740037
13740114
13740201
13741168
13741677
13744970
13746167
13748471
13753248
13758928
13759277
13760709
13763414
13763738
13764548
13764856
13765350
13766496
13770968
13774386
13775716
13776670
13779063
13784402
13785067
13787901
13791359
13792769
13797407
13797810
13798216
13798236
13799169
13800817
13802981
13804154
13807831
13810458
13811182
13811937
13812932
13816345
13816631
13819124
13821749
13823690
13824557
13825213
13826438
13827937
13829065
13834767
13835140
13841171
13850329
13855249
13855918
13856841
13859613
13865596
13867194
13871156
13873838
13874124
13874346
13874752
13878486
13880281
13880471
13880566
13881934
13886216
13889396
13889659
13894674
13895922
13896091
13899045
13900800
13901349
13901771
13902036
13906918
13908468
13910168
13910413
13912640
13913181
13915295
13915778
13919671
13922276
13926631
13928623
13930642
13931825
13932923
13933625
13933986
13934045
13935008
13935009
13935165
13938882
13939728
13939971
13941193
13942497
13944775
13945351
13946754
13948596
13949255
13951471
13952469
13954449
13956002
13956699
13963470
13967822
13967991
13968471
13969607
13969795
13972173
13975494
13977596
13979277
13979950
13981237
13983630
13986488
13988139
13988396
13990511
13992694
13993914
13994004
13996272
13998319
13998868
13999983
14005094
14005176
14005324
14005333
14005818
14007354
14007615
14007776
14008031
14012638
14018418
14021155
14023106
14024640
14024737
14024870
14025470
14025601
14025758
14028534
14032321
14032367
14032380
14033155
14035603
14037086
14037311
14038633
14042470
14043528
14044928
14049390
14050591
14050838
14051552
14051616
14054237
14055055
14056361
14056868
14057544
14059276
14061732
14067767
14068238
14070694
14070957
14072858
14076428
14077773
14079330
14079390
14080132
14082271
14082881
14086669
14089628
14092015
14093896
14095515
14097837
14099110
14102776
14102853
14108543
14109153
14109769
14109798
14112636
14113107
14114982
14115531
14116049
14119633
14122783
14122954
14123128
14123936
14126612
14128240
14132384
14132814
14134460
14135698
14140682
14140819
14142773
14146274
14149283
14149618
14151227
14151582
14154000
14154122
14156183
14156244
14159096
14161152
14162350
14164332
14164579
14165059
14169360
14172815
14172893
14176708
14177126
14179017
14181449
14181892
14183785
14187538
14188550
14189095
14190193
14190268
14192440
14193883
14194463
14196584
14196959
14197630
14197998
14198577
14203859
14205754
14205979
14207006
14208108
14209822
14210175
14210428
14213914
14215105
14216016
14216831
14217334
14222232
14226606
14226624
14231391
14231449
14234808
14234874
14236551
14237128
14238468
14238685
14239603
14240290
14244677
14248392
14248575
14249318
14249901
14253652
14255997
14257068
14258187
14260226
14262827
14263900
14265434
14267311
14270336
14272423
14272515
14273096
14273133
14273833
14273849
14278241
14286257
14290651
14292162
14295008
14296300
14296755
14299152
14299478
14301577
14303357
14303546
14304718
14304891
14305056
14306106
14309601
14312345
14315195
14317631
14319810
14320049
14321686
14324341
14326652
14328924
14330475
14332707
14335494
14336320
14336605
14341185
14341973
14342444
14343272
14343376
14347105
14349439
14349543
14349695
14350837
14350953
14352037
14354089
14354896
14356665
14358465
14358534
14360196
14361263
14363205
14363245
14369216
14369532
14369553
14369577
14369677
14369711
14370699
14372156
14372266
14375717
14377398
14378904
14378945
14379720
14382499
14383864
14384788
14385611
14386877
14388955
14392265
14393535
14396032
14396700
14398717
14400313
14400465
14403576
14407277
14407689
14408221
14409050
14410089
14414319
14414481
14414958
14416265
14418563
14418787
14422830
14424864
14426919
14426964
14427859
14428418
14429956
14431807
14433021
14433115
14434110
14434830
14438204
14439859
14443327
14445596
14449512
14450785
14451083
14452919
14454794
14457079
14458352
14459821
14460580
14461779
14464546
14467000
14467177
14467442
14468406
14469219
14469836
14471609
14473565
14474911
14477239
14478306
14481293
14483638
14487252
14488800
14491664
14492086
14493445
14493629
14497499
14497831
14500031
14501334
14506956
14507424
14507574
14509543
14509711
14510362
14512561
14512959
14513321
14515626
14517385
14518018
14523111
14523574
14523785
14528591
14528718
14531109
14533624
14533751
14535936
14536327
14538378
14538408
14538732
14539228
14540252
14542045
14546482
14547160
14548786
14549483
14554741
14555777
14555852
14557503
14557732
14558704
14559667
14560017
14560138
14560587
14560675
14560737
14565478
14566097
14569884
14575551
14576179
14580190
14580223
14581765
14584226
14586496
14587025
14589766
14594352
14594859
14599977
14601438
14601882
14602701
14604506
14604612
14607164
14609257
14610736
14612175
14612597
14612619
14613147
14615565
14616791
14618982
14619602
14619778
14620635
14622989
14626179
14630943
14632032
14633163
14634999
14635021
14637732
14638257
14638395
14638950
14639619
14639815
14641121
14641341
14643520
14643838
14644630
14646294
14650648
14650956
14652192
14653930
14656788
14657813
14659131
14661469
14662097
14662366
14665975
14667168
14668839
14670026
14671409
14672277
14673511
14673699
14677260
14679096
14682165
14682436
14682756
14686649
14687612
14688917
14691108
14693246
14695211
14696861
14698550
14698898
14700046
14703555
14704538
14705709
14707276
14707749
14707917
14713823
14714075
14714744
14714840
14716256
14717546
14719278
14720171
14725851
14726977
14727588
14729123
14732517
14732966
14733525
14734366
14736835
14736928
14736963
14737412
14737940
14738081
14738515
14741315
14742934
14745713
14746209
14746557
14749242
14749768
14754279
14754807
14756347
14763857
14764161
14764512
14764975
14769424
14776079
14777238
14777921
14784731
14785879
14785989
14786281
14790156
14791900
14792102
14793295
14794582
14799470
14799621
14800023
14800445
14801096
14806592
14807649
14808402
14810177
14813020
14814407
14815878
14816005
14818741
14820622
14820989
14826415
14827321
14827385
14831709
14832303
14832409
14833637
14834215
14835033
14835063
14835839
14836565
14838813
14838960
14839478
14840649
14840922
14842175
14842923
14843252
14844370
14848405
14850074
14851814
14853316
14854984
14856055
14856671
14857008
14857600
14858514
14860205
14863862
14867696
14868080
14868310
14871003
14871350
14871786
14871937
14873961
14878053
14878918
14882350
14885291
14887232
14890786
14891858
14893252
14893490
14894415
14895565
14898468
14898689
14899688
14902450
14903127
14905225
14905657
14910251
14910319
14912600
14914685
14915340
14915890
14917173
14918240
14921770
14925367
14926284
14926576
14927780
14929306
14930571
14930778
14930970
14933204
14933989
14934157
14935334
14936695
14939635
14939824
14941391
14943841
14945271
14945573
14946411
14951487
14952275
14954097
14955027
14956969
14957538
14960056
14962152
14962391
14963053
14964377
14966482
14967537
14967551
14969585
14970566
14971784
14977630
14982356
14982814
14983643
14985901
14987510
14988494
14991509
14991530
14992188
14993947
14994079
14994180
14994604
14997072
14998733
14998874
15001663
15004612
15004623
15004911
15005155
15005363
15005604
15005882
15007811
15008517
15010743
15011202
15014399
15016177
15017102
15018636
15018719
15018938
15019226
15019329
15019340
15020186
15021049
15022732
15023318
15024650
15029466
15031662
15032455
15032828
15033661
15036007
15039277
15041427
15041692
15042035
15043506
15048471
15050116
15053358
15054261
15055635
15058119
15060836
15062069
15066147
15067926
15068034
15068054
15069927
15070596
15072212
15073591
15075937
15076624
15079248
15079427
15080578
15081521
15084493
15086315
15086602
15087388
15091058
15091894
15092074
15092184
15093802
15093899
15097864
15099106
15101764
15102223
15102798
15103984
15104498
15104653
15105803
15106811
15107421
15110852
15113276
15118262
15118933
15122995
15123389
15129028
15129536
15131306
15133293
15133924
15136541
15136596
15137657
15137804
15139046
15139532
15140270
15140962
15141004
15142545
15146370
15146839
15147872
15150089
15152262
15156448
15157190
15159047
15161954
15163351
15164163
15164745
15168841
15169133
15171322
15171387
15173736
15173942
15177542
15179972
15181359
15184727
15186888
15187396
15189177
15194040
15195334
15197465
15198734
15201374
15203330
15204754
15205430
15205968
15206919
15207986
15208043
15208514
15209581
15211336
15212329
15213868
15215087
15215183
15216209
15217089
15219076
15220708
15224068
15224490
15225581
15226187
15227130
15227565
15229113
15232357
15233346
15235539
15235776
15236853
15237610
15237822
15238001
15238119
15238546
15239394
15240515
15241304
15244848
15246341
15252590
15259966
15261966
15262214
15262802
15264812
15265163
15267637
15269616
15270126
15271074
15271820
15273405
15274151
15274178
15275197
15275938
15277175
15277794
15277903
15278521
15279162
15282681
15283808
15288623
15290729
15292385
15292855
15295457
15296563
15297504
15298958
15301747
15303057
15303799
15304122
15305470
15305658
15307692
15308820
15308987
15311994
15312345
15312751
15313377
15316666
15317174
15317215
15318200
15321236
15321994
15322648
15325452
15328003
15328392
15329375
15335184
15336301
15338796
15338856
15339464
15342532
15343224
15344809
15346359
15347687
15348095
15348321
15350500
15354466
15356463
15359819
15361596
15365148
15365158
15366454
15370366
15372441
15374063
15374914
15376275
15376335
15377388
15379442
15380577
15381034
15381868
15383974
15384677
15390357
15390571
15390631
15393150
15394941
15397160
15399005
15399358
15400072
15400802
15401722
15401808
15403242
15404138
15404809
15404910
15405959
15407881
15408066
15408314
15408679
15409989
15411520
15414631
15417765
15419001
15419423
15420648
15421652
15421796
15422280
15423600
15424108
15424422
15426564
15426905
15427655
15431130
15431827
15434445
15434936
15436586
15436939
15438256
15438299
15438674
15438992
15439590
15440530
15441864
15442381
15443915
15445047
15445889
15445944
15446759
15448793
15448880
15448941
15449339
15451453
15452320
15453370
15453548
15454580
15458917
15460254
15460604
15460923
15461822
15465217
15466072
15466212
15466857
15466865
15467555
15467640
15468367
15469819
15470910
15472477
15473657
15476613
15479540
15482143
15482665
15488514
15488579
15488972
15489650
15492797
15497697
15498143
15499186
15501940
15505824
15511033
15511216
15512707
15513020
15516510
15516728
15520038
15520574
15523836
15527377
15531041
15531270
15532374
15533128
15535168
15537664
15537935
15539528
15540062
15541623
15543226
15547033
15547863
15554727
15556668
15559063
15559196
15559498
15561693
15562012
15562063
15562544
15562709
15564015
15565017
15566905
15568016
15569180
15571196
15574774
15576025
15577907
15578361
15578469
15579977
15580574
15580839
15583371
15586023
15587753
15590481
15591151
15591498
15591504
15592441
15593894
15595654
15600440
15602666
15603517
15603943
15604110
15604655
15605242
15605814
15605832
15607833
15609298
15613242
15613311
15615104
15618638
15620696
15622020
15623248
15625345
15626380
15629066
15631012
15633344
15636349
15636912
15638026
15639275
15641443
15642300
15642979
15645121
15645611
15646001
15647865
15650040
15654145
15655618
15662378
15663412
15666206
15667146
15669496
15671589
15675318
15678172
15678611
15679544
15681800
15683238
15686010
15686357
15686925
15687118
15688712
15689228
15690586
15691468
15693816
15695070
15696154
15696774
15697498
15698904
15703186
15704859
15705213
15706115
15706435
15708288
15709528
15711452
15717556
15718303
15719362
15719998
15722536
15724784
15724835
15731528
15734698
15740909
15741880
15746547
15749534
15750303
15754069
15754322
15754452
15755948
15761742
15761835
15762305
15763076
15763396
15765124
15766915
15768509
15769369
15770294
15770805
15770908
15771870
15774812
15775966
15776277
15777372
15777937
15780639
15781483
15782232
15786883
15788485
15788695
15789786
15790570
15791498
15794142
15794336
15795361
15800135
15801473
15802063
15803487
15804615
15806886
15808838
15809740
15810358
15811007
15811915
15813630
15817308
15817884
15818786
15821423
15822144
15826328
15828774
15830973
15836092
15836555
15836579
15837307
15839190
15841487
15842938
15843633
15844743
15846355
15848503
15849287
15851151
15851598
15852856
15852955
15853024
15853028
15853426
15856968
15857733
15860437
15860513
15865123
15867314
15870038
15870944
15871603
15876121
15878879
15881726
15881980
15882594
15882690
15884704
15885208
15885500
15892322
15892768
15893555
15898027
15898534
15899043
15899441
15899464
15902840
15906729
15911255
15915317
15915401
15916839
15920125
15920709
15924781
15924948
15929597
15933376
15934291
15937905
15938821
15939678
15941277
15941307
15943293
15946803
15947415
15948535
15956141
15956679
15957104
15957557
15959032
15959038
15959143
15960749
15962773
15963346
15964182
15966453
15969422
15972496
15973451
15974098
15974479
15974557
15976796
15979777
15982651
15982819
15983680
15985000
15987523
15988804
15988973
15991676
15992033
15992437
15992788
15993865
15994355
15994506
15997521
16000375
16001558
16004410
16005041
16005988
16006467
16013352
16015853
16016429
16017483
16021688
16022279
16022995
16023511
16030648
16032137
16032412
16032676
16035578
16035591
16036133
16038682
16039131
16040126
16043176
16045104
16047097
16048415
16049306
16050202
16051399
16052307
16054945
16055957
16056970
16058912
16059749
16059937
16064931
16065823
16067052
16069354
16072818
16077418
16080739
16087665
16087682
16089301
16091550
16094275
16094981
16096281
16097327
16098878
16099259
16099606
16102772
16105577
16107811
16108472
16109247
16114637
16116740
16118819
16119152
16119670
16122470
16128005
16132249
16135246
16135525
16136335
16137047
16137312
16138709
16138787
16141939
16142690
16146543
16148141
16148386
16150807
16155148
16156593
16158313
16159253
16160591
16160600
16160804
16160975
16161805
16162286
16162450
16163280
16163547
16164818
16164965
16164998
16170830
16173596
16175749
16176909
16176999
16177719
16178740
16179078
16179872
16180082
16186651
16187604
16190682
16191115
16191604
16193028
16194171
16194686
16197310
16197816
16198488
16198902
16199769
16208180
16210261
16213924
16214263
16214828
16216054
16216838
16218064
16222199
16223990
16231194
16232046
16233603
16233948
16234035
16235523
16235665
16236746
16236775
16239160
16242789
16245117
16245125
16245348
16245572
16247139
16249055
16253467
16254524
16255482
16256099
16256187
16258912
16259450
16261744
16263353
16264905
16265687
16268633
16272137
16273928
16275089
16275096
16275905
16278191
16283421
16288940
16289956
16290360
16290621
16291004
16291243
16291788
16292962
16293122
16295637
16301088
16301190
16303047
16305738
16307155
16308902
16309195
16310136
16310452
16310927
16311495
16313043
16313290
16314683
16315599
16317853
16318465
16319406
16320919
16322544
16325667
16326085
16326352
16326484
16326640
16327211
16330900
16331687
16331724
16332168
16336726
16338541
16340170
16344654
16345004
16347402
16347565
16349374
16352402
16355398
16355407
16355607
16356121
16357494
16360097
16361702
16364519
16365911
16367082
16369932
16372045
16376182
16378845
16379334
16380706
16381613
16381938
16386854
16388095
16388447
16396206
16397687
16397880
16398123
16398681
16400024
16401720
16402952
16403677
16404095
16404842
16405619
16406116
16406139
16407486
16410709
16411567
16413211
16413446
16413597
16414071
16414420
16416160
16418910
16423902
16426309
16426474
16427455
16431613
16432248
16435754
16435826
16439326
16439414
16439987
16440501
16440738
16442734
16444567
16444816
16444859
16446528
16447071
16447431
16447589
16449624
16450366
16450485
16450545
16451118
16451956
16453091
16453629
16453682
16453931
16455167
16461557
16466233
16466377
16470435
16474246
16474823
16475221
16477288
16480311
16481466
16482156
16488259
16490444
16492197
16492992
16495267
16495861
16495981
16496513
16496972
16499366
16500334
16500385
16500897
16503329
16504853
16505304
16506092
16507363
16508487
16509415
16512810
16513593
16515729
16516343
16517708
16518065
16518630
16521372
16523293
16524621
16525427
16525660
16528656
16528999
16529173
16530428
16532470
16533028
16533355
16534656
16535293
16535399
16535642
16537914
16538490
16538582
16539000
16539903
16542009
16542311
16543090
16545179
16549783
16550404
16551077
16552109
16552379
16553396
16553655
16554608
16556157
16557703
16558702
16558907
16564460
16566227
16566585
16569388
16569648
16570345
16576729
16578848
16581812
16582916
16582941
16583665
16585472
16589759
16591963
16595715
16595797
16597601
16598668
16599255
16599538
16599553
16600397
16601674
16605142
16605361
16606242
16607038
16608705
16610043
16613180
16613574
16615765
16616040
16616204
16616643
16616736
16618067
16622140
16622197
16625323
16625631
16630880
16633436
16633652
16635048
16638649
16639326
16640087
16647561
16651490
16652694
16652754
16655581
16656181
16657629
16658631
16663596
16666364
16672538
16678085
16681520
16684005
16685172
16686573
16687275
16689576
16690129
16693906
16695583
16697539
16697898
16698190
16700440
16700870
16706293
16706382
16706492
16711938
16716591
16723564
16723688
16726899
16727146
16729613
16729910
16730055
16732261
16733193
16734172
16735314
16742628
16742839
16745268
16746682
16747351
16747783
16749827
16750333
16758063
16758932
16759907
16760791
16763096
16764304
16764938
16765776
16768088
16768245
16775143
16775755
16776893
