10961197
104479
8359186
7795090
4071422
14714840
9163876
16406139
9005490
2773404
2137048
11205272
2599981
13239794
4371374
4277896
9266843
3572648
9930978
4852077
10195443
3721501
436541
7312791
11364297
936619
6638066
3988528
7290061
10153722
13880471
8031060
242650
14076428
2812541
10718812
14341973
9037625
3114351
2782337
2473570
16372045
7413461
7570106
5462291
7274989
7198903
13608382
4959262
10833953
7170620
11050591
7315552
15347687
10345431
2325593
1792986
11402364
5348193
10015763
8303634
6249409
7919821
4629988
8101784
3043418
796805
16397880
4417753
13204550
6679827
6467175
13650758
1405698
13520714
8842332
1027983
1459163
7246283
4857281
1315747
14408221
113980
4515638
14454794
3578991
10141304
14378945
1419597
13332129
5380940
3368858
11479664
15142545
2062448
2561727
16651490
13721873
10752441
2592765
4504173
15690586
9775912
4650260
620024
1964922
14619602
9137096
4671750
10720546
11075478
5504590
13077067
5004794
2872116
14187538
7946983
3370476
5098844
11340010
8761015
7820652
14926576
13311909
12367233
9518689
6304158
6310384
3087838
8708438
11035860
12039269
2824722
1655131
5399983
8742189
4180461
16758063
4524385
5977485
6793935
7194566
12607570
16247139
1723513
3037234
621109
10630622
3786538
9819138
2624739
4126762
16015853
16096281
12044288
2122695
1556637
12225030
15788695
15271820
2169496
10127007
5791726
11376070
13644528
3636751
7851434
5400002
14794582
5540534
14799621
11209447
2432090
2176419
9979827
9365517
3650150
16726899
10371907
1343835
5180995
753566
14328924
10707619
1276558
6085863
584066
12691724
3961202
6743776
6360229
4844408
8482304
16327211
2228056
10346844
14528718
15704859
10718003
9143775
10967877
6719153
8098824
2778039
13896091
388235
7432822
13012697
6201064
12525533
12637861
1874322
10662088
9971435
13025372
3117699
8638050
14189095
15689228
14810177
6757884
5177976
15531041
14132384
15328003
2722089
3160113
412056
2679224
2636326
7916577
14843252
3648404
16170830
4441936
5805698
604289
6482640
7294125
8359978
7577989
7999563
960012
93409
920620
11228151
763979
14656788
2192304
2629816
5123245
6228906
8926088
13474040
7041201
15687118
16308902
12177457
13674568
9971933
3324228
4064720
1092132
14164579
1180704
11857911
12017461
8971029
2129631
5550568
12404074
10502652
15316666
11177465
392923
2520424
8402772
2676648
6969788
12359360
10166887
15146370
8304746
7021357
7663965
3833849
12925421
322337
9842015
283441
10638519
10783468
3718647
665407
13365751
8225753
13375495
14068238
3427331
716494
7152163
7231036
13265601
9280200
15846355
14964377
334906
6651363
13926631
14719278
8500808
1564043
14375717
16729613
16160804
9385859
1793727
11716582
10636788
15005604
1329700
14361263
8744858
12694654
11447387
3300788
12414884
2793252
11151694
6669094
5150262
9290159
6336999
12876315
14737412
10375673
5851771
13001552
8143210
16768088
16039131
6755846
12269479
16160975
13525748
13201205
1779755
5428452
3158163
2263958
15467640
3924381
11998955
6602582
14146274
12272495
427859
2762791
5208648
4518729
5835487
11257212
15139532
1973989
7263140
4014286
13471563
9073689
9225418
7075539
10882474
8429330
11085162
9162368
7495481
5764085
11480105
4061438
16307155
11302841
4239627
7796071
13445361
13121916
14921770
14190193
12001518
14905225
13473861
352936
9234467
10526386
16450545
12457465
14210175
13369814
6066828
14536327
15129028
6391212
8731438
13906918
14871350
14383864
2699997
3290542
14670026
10396045
13447495
2491103
12150990
699399
16067052
11544398
12305974
8052099
1640025
8391782
3661931
15205968
2454635
11847358
647449
210233
7791307
11208098
10333278
3070247
11362781
6254801
8312618
6054612
12272431
13595283
7479122
13683152
364238
6689857
2750806
9184184
3850916
11585737
15423600
15982819
15488972
14487252
5968891
13498855
15849287
6027745
6425519
10782419
6237944
9155613
10544214
5018803
3886574
6240826
1068847
4497969
9143950
16099259
1266297
3562800
4184708
5866861
4913001
5941413
15043506
3616930
7437557
6294792
2543434
14637732
9737773
11036166
8285965
938565
3511976
10336711
2448023
10116664
10702241
5343419
4593030
3223822
7608112
7173080
3602804
2885964
14483638
16325667
15404138
11921413
3605936
7148652
66505
18051
3456572
5321643
4155625
1260490
5756116
15102223
3187669
7115287
11875144
12763804
1222409
13557837
15666206
4752653
6832537
13644601
9830771
4526561
9008341
1871592
16553655
11517500
13361321
11154502
8846977
15972496
9993211
13462777
5231928
12592604
13503870
13826438
2122838
13271731
9031574
11750974
5795339
418052
10076948
2843164
696481
12686126
5339282
16687275
15173736
4815695
3732421
10990095
13171214
10949113
6334355
12325797
9339131
16477288
12405615
13148145
2979791
2812589
9231852
2719210
12202520
489685
16376182
12096432
12668768
14927780
9553054
10100283
11613274
15613311
7898601
12967165
14445596
2996289
5334428
2557998
7152577
4609071
11730016
13601487
14025758
7359805
3748201
3568649
15370366
12087325
7236716
4453943
8884830
2650923
11121905
12944284
15466072
9501969
352181
4460591
5259366
15215087
11709251
15317215
945002
111288
5734775
1672429
10535792
15899464
12727726
7382266
3721103
8437953
13900800
1882629
13480170
6792575
11591737
7318296
13915778
8731157
8563986
8080990
12298499
698885
3894228
3222394
7403998
6919656
3216778
3048232
2184202
14216831
12339360
3064745
9766941
8986168
9471451
10089083
13141880
10556220
7600956
537002
4333836
16534656
3383021
11218712
7297530
15595654
6456955
7410906
1815839
1179877
1208562
13816345
2501328
3206361
1624612
14714075
1204530
8743682
8312914
16175749
5722336
12541327
9854505
5660440
10184078
2974866
16398123
14433115
486213
4575073
7164067
11336954
11930683
10300172
13035352
297830
14977630
13034157
6923608
16077418
13677769
2838364
3768742
14667168
9068028
7594948
6093930
11119643
16072818
13067871
5059186
5132809
5393908
9733684
4866235
8341756
11508115
3824673
2290842
9999269
7055983
10432082
10825995
14296755
16313290
12646950
1289833
9015932
12339131
14286257
5732781
6285479
15988804
2605463
8747389
10803793
13119878
5518752
12450934
4491295
4440558
4751718
12111760
13002844
15639275
12487658
2174184
5214609
1050003
12183843
10805199
6598653
8612215
360953
4125389
16554608
11972123
11753918
963966
13873838
16388095
2245423
3578635
14461779
6404509
1892325
4644423
10034146
5432190
15241304
12439229
13444582
702912
7374156
12759742
3653247
10018874
6055267
1968823
11470406
12224239
16607038
12262154
5975468
4080404
13600254
8546750
6200574
7997837
6774883
15731528
4106952
2328777
6021334
1331213
8087440
13038922
9479418
5829871
7079878
12473746
14998874
12342108
2907024
5793284
2376951
14467442
8954768
7711872
11264885
1396277
9293590
4794986
6509565
14707749
6126808
12516165
8412249
7965188
10802267
15252590
4797867
15164163
2501075
6782745
11579313
6188183
319864
13431386
6056577
15198734
4526323
585714
15867314
7608574
3064155
6938977
12694705
10916068
2354827
4168306
88407
6755251
8131475
16164965
4936742
9126689
5972473
9725791
15920709
12354224
7153347
14161152
3714210
1364327
670711
2786323
9387592
14985901
4667242
5862540
9008941
7602331
871402
7176770
395689
8049915
13120704
16132249
4634754
10976141
12899625
15590481
8434392
7586135
10145921
3626926
9714440
2856516
11377453
16291243
10052083
11944855
12906143
4437668
10007413
8565247
5984793
11281448
7799821
12395418
14234874
2107927
10988636
3092143
16292962
2007383
4588101
15535168
15451453
16065823
7056883
11063625
867353
13466024
12468826
13399927
2101509
3664501
8961224
10363577
7976388
9602990
7421996
15625345
2801286
11457915
6707125
15107421
9173907
13054951
14267311
14481293
10253143
16005041
6391371
8766068
1172007
2576340
8176354
2130553
12907450
16711938
8938678
374091
13746167
5440569
7261906
14993947
8513332
994424
1905595
5803325
2211233
5243221
7134437
1001356
4625338
8341752
10233927
6137422
9480417
4160440
2966434
7316098
4159583
16032412
4495055
7037212
7534760
9247875
5313126
1551537
3901966
9901999
16314683
1701919
10007674
7537239
7391354
2818067
3004132
12189731
813124
12514149
6017265
1532222
12829842
9572669
12238403
16381938
10717130
618480
15141004
16194171
14991530
13164119
6920552
2291438
14738515
8280698
6809711
15454580
2136992
10143856
2400355
11426802
12023328
9113317
5980472
15377388
9921866
14604506
15492797
3952334
10335593
16542009
5427933
6169820
9666511
5345559
12650715
5300790
11572081
8850331
6783843
7891603
6000536
9312106
10584964
5448580
241546
15852856
14890786
9984616
2789239
12414119
11611122
3733062
13004045
10924779
16142690
13881934
2607103
9374603
2214283
340703
1555272
15029466
9504731
4758381
13311135
1540964
2938230
13324736
7371364
15678611
113068
344226
12542367
4468285
14982814
14560737
12884847
5342489
11182293
6239978
507227
14785989
12564001
10003664
9755305
6543198
3996668
7807832
5375058
15225581
4284990
12976857
4006332
5094670
11648016
4718537
15292385
4135927
6190767
15311994
4409399
11909280
11004225
2398211
1812234
14403576
2229378
10575469
11203410
15424108
9467145
1903317
4117802
7078562
14109769
135990
12054848
15722536
1800007
8635663
11336381
14518018
7840086
10068666
7988757
9990234
7782099
7439926
3130965
8701196
10512538
16107811
14736835
11971515
3474803
4362703
3231913
9294296
11019970
1019329
5828479
1283545
9548475
16179872
5945649
648287
14646294
9616565
4970174
2061915
1113726
7240773
430370
11278206
2155658
13148175
12253506
12434498
4659459
1342841
8443161
6012597
12815560
5763655
9005318
15092184
4273176
3985737
10527477
10533006
3952399
13981237
980254
115150
6986096
4971612
5451499
4223714
6509461
15133293
1233856
6870894
9488814
2093320
4644472
8865733
13913181
6375132
4579127
2184853
2921730
9883108
9207280
3926486
9190190
14434110
14319810
3328433
13631671
15853426
11347810
1636102
4664742
851142
1599615
15321994
7960470
6440950
10372404
8101360
2762608
14306106
15019340
16148386
10167028
9729849
12215683
1579617
8856946
9470178
8645411
2005167
5875276
8579727
5474554
8016073
7587110
831362
13963470
15066147
10031254
10050791
4448790
455991
7551633
13323200
6318606
12383857
1845802
217
12977032
9137714
16136335
9849044
347811
9724944
15394941
11835690
4327064
14450785
6115604
12441254
1929273
5875788
3338241
6353366
7505624
4535729
34633
15959143
15770908
5926862
9714124
3424350
10821539
9225977
28546
13128074
6815244
10148161
9984879
2398325
4572160
5093181
8789751
3073266
13645217
4163741
10627654
972783
11096035
4744213
11979352
8136129
421969
12071138
2837003
7847366
5919558
6218104
2585080
14424864
15224068
10276118
11090856
4810368
7267963
8268606
10208516
9413940
7113888
4131677
15843633
6344409
16301190
13497379
72222
2709937
4506009
11361453
4068260
717310
14580190
14079330
1379410
6951115
7125212
8595101
3506144
4566352
6967950
16051399
8806970
16315599
7430214
7152655
12395826
9418932
14871003
5076741
7683727
2334932
13736383
3304091
3935982
3707273
13829065
13856841
6188942
6367928
16160591
8926907
5080492
7413458
6614465
11562705
2180606
13812932
9777187
6731026
2047090
9448457
8668180
15592441
10050655
11458046
14882350
16405619
11698600
6566724
6217696
7401022
1557525
8751314
15346359
8158890
11507501
10128797
3586647
7759966
11004449
6361180
4661937
16406116
1678909
3772714
344316
7657165
9607878
15604655
11630823
16535642
14349695
10903173
2466716
4944536
373189
12760225
5951114
7517799
10516414
5041574
1380360
6450097
11486425
14005094
7740982
7648175
7891393
6497225
6498457
11658918
9538245
6754550
3781921
3793941
11014184
9619437
10757849
8082314
13210852
10889637
564655
8098999
8192116
5752477
718108
15991676
8346504
8648626
16108472
6627204
11910700
8659963
7889157
1130765
13580557
13512879
4818100
12318981
9780347
3314246
6247495
4179504
14746557
10956863
59308
14007776
3619070
15777937
5991232
8517854
10594783
1956987
12295102
13071496
14983643
9352659
15830973
14205979
6669786
6915588
3453639
13939728
11279629
767037
12302646
8567326
11388327
12191635
1367971
16647561
7905119
1531657
1188337
2432687
7234212
14945573
3702749
3874307
4225554
3171821
9474321
14956969
14324341
15513020
14698898
15133924
345031
16466377
5001679
3846295
4286352
9216780
16258912
14384788
10693973
14665975
16330900
15762305
9764859
2805425
764
2107475
1788510
16455167
3298181
6873389
12907477
8535491
5665489
2543940
7484964
5861765
14641341
14565478
7795529
9130437
4746563
3045827
10657553
13007181
16640087
917086
13560889
11400782
6419489
9095252
9203871
12193838
12716901
10313461
3930558
9944822
3920623
10322090
8374783
9932229
16064931
9256411
13969607
270134
14292162
1156005
6493479
8361461
8807667
2896444
2599719
13949255
15718303
373651
8368605
11667815
15137657
10835437
8718845
9556705
11529746
8404411
2985315
11416463
1430815
806787
14215105
1377015
1832720
7982010
15870038
16582941
13218921
5285092
11381517
14497499
4032296
9401032
3367361
6073023
1438824
9926549
8099373
9322792
13707384
8395757
7354631
5407091
134645
4735703
11887788
88177
881000
395154
5964820
12780075
15424422
8544912
9892613
6355225
10220377
16599553
1723470
6116929
13672154
15578361
3196576
15946803
7561616
11458972
6736204
1662388
10701510
8214671
1831670
10465455
1744164
15338796
6327972
16150807
6790429
1340075
2867036
12235414
7161391
592932
8284381
1655462
9893049
10741294
3944451
7515626
8723894
1633872
1492259
10590229
15717556
14925367
15195334
15943293
715632
1848190
3171478
1158691
3363060
16539903
8200846
8815517
11698881
11909656
12771995
926166
10345538
2572995
3276282
1138464
8119524
14193883
9077098
958066
3219499
11066958
1944861
4863309
2129759
12487457
5255101
3595227
13655299
16775755
384594
9188829
2018213
3249641
16622197
9376130
400118
4802619
13578862
12425491
14304891
15274178
12561563
7964964
6839298
12224455
1244415
3374972
6134286
3765109
2194335
9803005
15426564
462475
2167006
8301079
495142
3637407
14926284
4464960
16453682
1431409
4908939
8372251
11221848
13012838
501848
1757087
7369007
5605091
6062776
3375419
13741677
6033714
5175840
8643281
13910168
6286673
9044479
14777921
1427182
5393865
12813379
1140064
12782074
12686802
2007856
3700498
10506858
8142253
15039277
3182067
7219179
7636871
9798909
7026804
8799631
1953129
12317969
7308667
10822437
8937731
1548055
5692603
2949820
1397239
12897831
16521372
14363245
309244
14555852
5657829
3651090
13040411
12337683
7428508
2561250
16264905
4332350
14632032
12178491
6377066
14407689
15761742
15537664
2411447
9378881
1198038
11684196
14226624
387113
3475404
10694684
5423783
14122954
8233956
124600
3673867
12398845
11701368
12779943
7213345
946723
9480898
5821213
9892311
11382717
9747151
1848464
6284581
15994355
3268951
5818891
10967936
8736210
2198036
10099907
9845504
439938
12000091
14736963
2131188
13292813
7066559
12351459
1895769
7243521
272649
7304549
12191859
5330940
2720048
9578670
4734341
15647865
4508550
12656062
8136188
2439026
6170350
10158871
3796779
5971261
10653575
8641535
13354099
224904
1014681
6705541
15541623
1007395
8943367
12274761
15068034
5170802
3292915
13063082
11635464
13146056
10885308
2112219
14714744
12137796
6511726
12677705
16538490
12492242
14464546
12299181
16055957
12815110
13695144
15442381
5288395
2902615
15411520
6426972
2172992
12513333
15366454
11685870
8907220
13561420
12211689
8894435
15159047
5858475
10484138
10163782
2528803
601806
6886541
10314960
9974293
14070694
11482572
15620696
3359801
5197746
16758932
12058187
1934110
14589766
289680
11557084
13009321
8203251
624861
10678900
11571041
14236551
14238685
3890567
15384677
8356986
14179017
4351402
6095070
3855259
14497831
8561214
593583
13766496
16069354
4097833
9851377
2776203
1448008
6002959
6572601
9545454
13543037
15187396
12663152
10572014
5100295
2093489
8147267
12744515
1655291
6035855
13834767
11770522
3697355
2844416
12227882
15205430
16191115
1205550
13763738
13041605
5676053
358058
7788349
11579813
13901349
8427382
13574158
12241137
12047254
4299356
9989387
7256331
6638697
2817008
2799086
1064626
6894177
1562682
1677125
7889075
8847038
1849431
11198862
14601438
14661469
11827293
6394184
12536686
12961396
11683787
1946803
745726
8711957
3971551
3744543
16686573
10505635
5848715
15992788
9118452
8675465
13036068
9425589
14159096
5637257
16232046
8856423
11207647
1451699
3397086
13294586
16506092
12588843
10588669
7302365
6895322
12846681
2949194
3878799
4269503
12608151
16208180
16005988
4934712
2272047
16234035
2650638
4504785
8749368
1412538
3994044
13628254
4841820
8993202
11128556
10321095
11318402
11403595
10143473
15179972
4778619
12058688
9919189
3824632
6290326
11111036
1859411
8378993
4032004
554083
7453810
14941391
1791708
8365957
9843109
12098759
13185878
1764226
8636420
16747351
9896959
10327223
10432682
62213
13247591
13068036
7005098
14061732
1908187
6566615
5333200
15448941
7231861
6783335
14407277
2526280
5041043
569453
4389644
15638026
1629203
12457050
16513593
11164368
3549877
12437192
4360111
2468623
6172329
767616
11626593
15782232
10390286
13871156
3732791
10846583
6812551
11048751
10370497
6873567
2499979
11107549
2340008
14414319
6731761
732721
7338108
11745427
6642100
9415590
10926572
14893252
4448111
3114471
7453545
14695211
2236769
7947951
8603304
7032465
10712796
573309
3729683
14050591
5124521
8628219
14140819
8588453
7084974
2745406
6243011
6966626
15139046
15497697
15957557
15568016
7469997
2846583
12391815
11318451
10235182
1847248
6220872
8798299
15269616
7457667
14599977
3662609
12228941
15871603
10096346
3530839
8703230
2146847
1060044
12018125
1817039
13206745
15763076
2858271
14800445
4408634
3949934
3341768
2120128
8757022
15171322
10422123
3558135
16706382
7096948
12089703
7222507
7121644
50607
3405383
12927198
10753363
9949647
8812037
14126612
11610553
7594585
8184576
11426572
5866382
3889322
6083105
14050838
16414071
10374349
4939418
3093495
9347415
11968789
10357863
5957448
4861202
4301430
14082881
4508605
13398931
4726581
1677531
2718734
11851787
13894674
3405443
15262802
8489343
2799835
3927220
7274579
11095056
12501889
6514517
9440289
16291004
1310909
5375696
16566585
5494845
6586706
7585992
15208043
6866676
12840663
5367286
14539228
13377350
15791498
15856968
11610082
9119282
3503239
5043842
16657629
16340170
5725959
4768779
8860794
6261841
11598310
13685568
12172120
14024640
5005904
2724275
9376439
14662366
11503195
2225726
8874093
59822
9403384
11848146
15933376
6826746
4157453
10877502
7089789
4451350
7802993
12801202
11299501
932290
8185630
10500010
15403242
12846753
9107362
11538912
15806886
1571000
8281919
8466155
7255068
8380495
11031380
15817884
3134093
11868128
346024
12885664
13089063
4579909
15559498
4547362
1700394
12458933
10378953
6823504
15007811
13774386
4059239
5949718
447278
9903892
13082818
2032757
6170762
6617117
14378904
5136386
28109
8706153
7120508
8410747
965812
12730175
12924983
12076390
8964868
9280516
15278521
15473657
1517071
1487026
10514757
15776277
15770294
12513681
8497603
7706119
13599828
7346151
14871937
16256187
5091874
13292697
3952234
12035325
9289674
3402038
8027126
9893072
1290659
2852213
4430023
15892768
1016300
643268
15348321
10129552
8360523
12848554
10406300
14059276
10630162
8532557
13682332
8439239
2708367
9399869
3126732
7274840
10067048
14369577
13792769
1083532
2181001
4855879
9111160
9002009
4882588
15288623
902179
12551982
3101968
14429956
4221540
4115699
10807116
11011916
11119384
960704
1858735
11993114
14459821
5708035
2397225
7622776
14943841
7606338
14474911
14396700
288356
10644731
3101264
9124761
14832409
845753
2162459
7692693
13183505
3371170
7218569
15215183
8452636
10664043
9712268
1382543
11710782
14777238
2811474
7504263
8614353
8064239
13353044
832919
4928499
9918399
4678827
9297956
15033661
15603517
2576653
6652879
8608449
12912928
10484218
2093110
5141161
6052084
15118933
6132608
8093020
5926996
1785079
1219964
9289308
4537043
14538732
6938372
5088536
10622454
11409362
12268188
8983457
4638195
12902293
7008911
16481466
13371797
14726977
3039775
1915718
14698550
5225559
4100056
11076726
15583371
16404842
16693906
6179607
12475935
5110930
6029923
9764140
9216546
9110473
9112113
9456632
3557880
2868456
10173847
10008213
10896522
5089905
9092206
15380577
15460254
8191268
5086594
15022732
2465735
12347813
2059041
11466173
10976315
935244
6257032
11803648
16551077
15213868
10407206
16319406
7760234
12206270
16678085
362194
12152773
13041707
4152288
15686010
33926
9698307
15422280
16344654
2938837
4790783
14639619
4594626
6612184
8921541
12969917
15562063
13487099
8556677
3274930
8084011
14935334
8234354
8900404
13956002
10121194
6073760
478854
618879
7458139
13393827
11906545
15303057
2798689
9101890
2439571
11440915
12329547
8467620
2468205
7802801
2254521
6143764
9372196
9767845
10891899
13930642
12819759
13136629
4746902
10087269
7701831
11430603
10620498
11067287
5800833
16525427
9702578
12412267
10843503
2158659
9414070
14970566
2103337
13564208
8018632
14615565
2471698
9233486
1152447
1134455
10656137
16625631
9072453
2790769
11555595
9868361
8551550
3128313
5884997
7424960
387696
4073539
15445944
12240154
1753526
1054342
13821749
6716689
14272423
9849705
8732701
12165120
6420917
9582061
7510359
14312345
15937905
1597023
14558704
5074564
4617019
1418411
6047614
5305802
8922920
14342444
7512928
7749054
3281966
10048881
1982661
8627670
7596066
8494465
1353717
4980647
4725383
7347668
9872302
1413652
5120391
6175077
609895
7652936
9173015
14971784
2804140
11511744
15023318
4019511
10998659
13969795
9542627
5312761
3287784
11642277
11795833
2167203
3663279
6986233
15058119
11919010
12716381
13006571
7723878
14025470
69739
3113838
7705276
14630943
1955908
5257989
14196959
12456802
4905496
5809005
10176791
4894145
9804723
7063317
6424601
4417030
1564267
1561470
2887604
15110852
7914589
4590368
13716674
4730351
7459655
8075645
10100195
641049
15397160
11504156
5228725
2594558
3254735
6256763
10283280
2907634
14992188
3816152
15472477
12638359
8950394
11702037
6935993
5066893
2220152
1120085
12369419
15452320
6185315
12583593
5097898
13115216
1936156
9763944
14172893
6511310
14945271
8730241
3118386
8527946
9568417
4759654
14754807
12677677
7619174
12345965
2565610
7815082
8446756
6380644
9360437
1698026
15941307
7877058
2582436
13874346
9872421
5483618
16245125
16742839
3764765
10337374
11470007
3129888
2301177
2361946
15795361
471188
16591963
8351694
12086488
10179113
3818520
11990103
15186888
2401610
7136628
8527722
5605448
1778153
411503
11637499
5098912
16223990
1824863
13726960
15217089
9644577
4909376
12794172
10916584
15164745
2780663
8075669
968107
3053781
2257230
10339926
16268633
13230021
5785547
12793109
8976223
6841681
13802981
5057703
4185826
8550091
9826458
11217511
12012026
11940622
11197092
6400241
6094040
12605381
9357867
7942770
8032365
11879826
5940124
8503082
1975378
11821137
15137804
7047503
2837017
12307024
5851349
13357836
11989498
7863414
16655581
3751682
1176770
4777751
4843433
1019647
6180434
6630763
811055
10013390
10193273
2601927
10396399
8489926
3397970
8546682
1316594
14933989
915209
4829595
3862383
10987039
16162450
11924355
14914685
13347102
10354038
16539000
6613662
8275789
8714781
11246186
4657123
15018719
3728160
361728
14987510
12196715
3320095
655937
10307040
12427998
5051597
12079580
15104498
4200246
5657614
2272349
11489238
998496
2660227
11916157
12981099
8299611
4326364
10419778
14262827
208504
12650537
15708288
8821591
10388839
7614649
2072660
6253203
4287162
14733525
1443372
10702585
13977596
3018956
3489819
6256106
3172578
14885291
10618605
14299152
5291563
1751516
570640
11992706
2676979
11462854
14358465
9752445
4578087
7571073
10376572
5882072
1814205
2746640
12040566
11913522
15297504
1734168
13061913
9483553
9593053
7162170
13011936
16293122
2360560
12193005
156270
7404159
7591380
14326652
10933378
11030505
6655495
16734172
3992970
8183876
7395565
14296300
6157523
15201374
3802653
8296744
131424
5498332
6388804
15966453
4400994
11428024
13998319
4701470
16349374
8219943
14330475
16538582
8244134
9762694
3278586
11059575
7120755
2923081
2619014
15427655
11322152
10532084
13372733
9766301
7290765
15458917
3137804
15350500
14116049
14114982
10900433
5172813
4095164
1619879
5574553
9146043
9467930
16233603
16598668
6152827
788180
13227843
2117597
10647883
13630629
3871970
805669
11531875
13240774
13426766
15852955
12872507
13910413
161913
3583478
8592518
5609777
230589
10572974
7784747
8981937
8682189
112378
16275905
6532537
8837923
10646219
5640982
7396860
5970790
12178272
4006832
12807836
3261013
2538750
4329797
9514859
15246341
693832
10542873
15468367
16556157
388776
11429199
1001601
15277794
2841881
12844555
15892322
10504672
2208622
15204754
3028020
11718871
15826328
16038682
15005882
5716991
10343023
9560608
8781583
10460029
7297985
8974205
3809603
16750333
393156
9350316
10217111
3310262
16747783
12726145
8772109
6127130
13859613
13676349
4899931
921920
4495376
8062113
9472322
1200068
1761622
4050566
4266641
10005946
12715016
15811007
1157219
5920094
8621746
6073815
1221723
13986488
7072267
12176422
3876307
1806481
243998
5573998
690008
4619122
14749768
6726069
5721815
14915890
9906794
11649687
15220708
880536
4149680
9825968
6689815
6149048
9199044
6665330
1562115
6175742
10551668
5504098
7912277
8851463
13644036
14966482
14303357
14858514
16512810
14248392
15053358
10354693
6188758
15146839
6142955
4456693
9600264
14305056
442874
4620342
16087665
11741174
15622020
4272154
15105803
15554727
80270
7475816
4429197
5279271
8832480
11067436
2649993
1216647
13308552
3644597
15662378
14510362
10221424
13443162
2764479
4348902
1083672
12940454
7631039
4028550
11546731
14734366
16552379
9118187
8429285
13810458
12765316
11407255
14439859
10710679
16336726
2844166
16759907
2743628
12270654
3164257
7324856
16141939
10382246
11936348
13487525
9474581
13610414
12450998
8101087
16745268
2936542
14467177
8708588
8486262
14604612
15421652
1694599
1697597
13785067
5871619
5238982
3843433
1684147
5723616
16214828
12427158
6755658
2996986
8692489
14776079
3845033
6346697
4394967
10932559
2646837
5907615
6748764
12560461
10378486
9622389
8192157
2035688
13975494
6783362
6230830
15569180
7746478
7615428
14491664
13800817
5849411
1972391
3237684
12410504
4872135
2218879
16453629
1608329
13288282
11659188
11377160
7125747
10680196
3564078
7221115
1325311
13855918
15290729
15189177
7591150
8452401
3197057
830360
14677260
8088296
16431613
9066851
2894661
7034627
9001299
14443327
4177689
8987961
8222013
372565
15878879
4673050
3987771
1879091
14492086
13727228
16418910
2948205
8912132
12329296
12681098
3174386
1636842
4943108
16663596
14500031
2459982
14682756
8008915
267304
5106245
11897962
8452083
3127797
9852295
8858897
7936823
15960749
5567524
9260105
12036680
3017073
9624459
11011463
1600711
10997190
705254
12669471
3137212
12168137
8066259
245000
4860208
7563596
2386264
1068706
10197185
3003382
9008590
13798236
8590138
4986892
7225901
10570608
11621520
16059937
862202
5956974
5430258
6049836
5929909
3855965
3662904
5254315
5723610
14303546
7672338
10720385
10403754
11171932
5416647
13811182
7946930
3264701
15754452
6781
16194686
10705685
7942517
11608749
5340006
11586194
9439245
3625820
10853774
7867192
7879536
585800
9425229
428167
16706492
8582686
5138691
10314401
244070
11732166
8171689
14369532
16518065
4790743
1897739
11762559
9230755
6725467
15848503
8793222
14273133
288966
3066419
4164842
7895585
11640370
10285345
4134205
12997131
13938882
11355103
1628105
16427455
14471609
6416933
3022438
1416487
15899043
13402557
14969585
9506614
15118262
11339464
3171903
1758048
10372006
16102772
9067922
7383398
10581296
15381034
9475899
12611485
827019
11051376
4868622
10911775
15087388
8336930
6015459
15417765
9256819
9153665
13033210
8380267
5794223
15431827
10377052
7224298
5235112
43736
3339791
11865782
10553737
8004857
3972330
16163547
7918098
11117805
3270336
9385395
5548253
15709528
16530428
3549400
12050607
11747804
6309344
8474058
16163280
7034824
4646194
1776674
456013
14559667
8714657
5583485
9164018
11308165
16525660
16532470
14226606
11430483
5949290
15669496
9192551
9004602
5964425
4959912
15997521
1480758
358329
9945811
15842938
3906137
8638352
9444298
14037086
13097417
5875179
11517795
6386695
723814
15283808
15973451
11084928
2013929
2354604
523884
847937
7458996
327849
14727588
12557226
6964152
1632654
791456
12925388
6587502
8643079
16672538
926260
6451829
7582836
3121795
260594
6041706
8880303
8517740
7834857
11267382
5452034
6026114
8665228
1380917
15543226
6625586
1514304
12369570
13221269
12491689
6645605
14668839
2510288
12143652
3149997
10523876
8253677
2520904
9744998
6144189
10254248
14547160
14746209
1048498
4275460
7582542
10414968
14149618
76804
14363205
4344580
4578370
13551099
7635717
12425203
7014825
14639815
16698190
7074644
11843666
2934775
7221621
10949759
9941040
11093151
11911190
13187659
13469440
6148608
3538787
15168841
11180423
16515729
1406710
16275089
15881726
2497050
3939911
9241332
8784959
8411208
13032861
14930571
6315638
9852797
431941
6702893
13716917
14745713
11386736
10396008
1661256
3558622
3501221
2011764
2827765
11582695
6097278
19708
9499085
7801853
3392633
8896754
13127781
14426964
10822568
335740
3036020
1194494
10784830
16453091
15344809
2646474
8280956
4826062
6467034
2572758
11949418
1729802
2823238
389601
4946933
6411373
16505304
14080132
4347779
13584923
6974338
13819124
12501259
7721889
3454039
6575410
12041884
10914593
3673525
4684457
1336164
2784128
587038
16496972
3015680
3509579
4298527
15197465
4356839
4045266
16402952
3821501
2167753
10526579
10538557
4379826
2953645
7639537
580245
7723614
14097837
4170667
11436115
15401808
10448662
5914256
940105
5838922
10989387
6591831
7095515
10292854
5362369
13895922
13945351
1088008
13622719
9511145
10808328
9801437
4180302
16440738
3172838
13538736
8877060
2272335
7029580
784010
14856671
2117593
9373695
16094275
12834774
14994180
15343224
2762129
13282427
15339464
448170
7987059
7947205
6696351
730081
8344473
1475437
5805153
12110940
4300629
11433059
1615828
11509408
11639285
1619645
15203330
3862033
441580
13264399
13393454
10811721
13214549
9912351
13988396
8618607
16180082
5448960
3283504
11738733
12344984
9968887
9500934
7331136
13061020
11364534
9040699
5856961
16439414
2260485
3347984
12028201
12517771
14807649
9604386
14209822
1868714
8854698
563849
3856442
4049489
14643838
1844019
4435125
8075710
14028534
16404095
14468406
12913408
11826444
5231322
4950583
7239594
12152900
2882833
10407699
5025527
7740100
13033173
13371244
6908036
5409433
5429960
12068821
5505363
6760939
1868193
11229261
616138
9845689
9039485
6430346
16310927
662148
2306289
14507574
14414481
7722032
15169133
3250156
12336352
4569021
15482143
10740723
7451575
10176173
10206776
10769153
5892103
14957538
10462818
3423475
1659150
6048840
8554981
1868995
14197630
7249946
9826613
9977953
1589864
6920351
5655050
10428375
8617811
15122995
3701770
11631983
15537935
4568909
13359311
10670800
7300629
9242028
11541778
2623368
5019916
4694374
12002266
672056
10105468
13458401
8584999
1196143
13996272
9208745
15916839
8554527
8526296
6038428
8545664
13710848
588579
2365249
7316459
1431843
8375219
14035603
12150434
8702033
7852836
14099110
5614339
5512917
5724934
14933204
3362139
9218873
9627583
12904207
10466533
8462730
10425668
4776048
1207669
15414631
4178605
14716256
5545426
7479252
4762614
15020186
16355607
6944531
14077773
10414381
12277295
14132814
742879
10887957
3972777
6993722
9811080
11733301
15987523
15390631
2658431
12209954
11559688
535264
6326143
5932553
4123788
11573511
9691539
14612597
119070
9653232
1141302
3076601
15359819
2628595
3466801
14428418
2531688
10530592
9276132
16365911
6387899
14024870
10833521
4341434
12737503
7288915
15328392
8913665
12379779
15957104
6049343
446572
3961603
16475221
10541950
7792938
8685694
5365627
7859621
3829571
13658971
8117489
5746506
1001364
7173714
3386925
8789096
13094179
1222509
11858105
6424020
4738684
1782743
14613147
6982370
13488251
5010594
15226187
11927011
2510551
11752738
12085254
4098863
1279687
9571342
10370409
12395863
4427955
13710556
8801541
4136563
6611982
11683911
7609504
12969413
6574709
7692330
15274151
3960794
11559718
10091674
13586623
9937156
2833796
13352348
14853316
10809267
6079097
128782
5631542
13941193
6775461
14736928
7759259
4743613
6248613
6862734
2882798
16318465
10845480
8907526
9808116
10476429
12439345
16558907
868149
14523111
14216016
5229880
4116
8954681
13552715
335108
3606298
4456764
15157190
3780816
5534517
429715
4804598
4470302
919129
7732792
8309599
4054871
11851165
1155901
6919023
3468509
3162396
3690314
15734698
3875642
8641924
2485764
11627907
13509115
1229953
9336362
9662827
10181261
14707276
7014411
484564
1363631
14691108
8384396
7928818
8576302
8645154
4307363
1694839
10757318
7271407
11150399
14994604
15906729
3800413
1985425
13566701
10904464
9644234
13653657
15794142
16407486
467208
11306528
76871
2151422
10766178
1131214
5330521
3749278
9968668
6848005
7960914
13092700
1549714
12372210
12497599
3708198
5364372
12149795
7042482
2901950
5752442
6346179
7725171
5062866
15800135
5893921
4894559
6900063
7757363
6737142
14398717
3284582
1680083
7517360
5457399
14878053
11369471
16054945
10343430
4426119
1262473
14416265
3605671
6902472
840895
3536210
2406540
11921045
4386542
4258795
2656129
2879303
13967991
7288048
8714379
1196194
13464953
7980089
9899892
1709138
3157781
15079427
14507424
469558
2373003
2598295
15019329
12644369
4030560
12030433
16610043
10084932
3999251
5243072
10285277
16310136
1197796
1987381
13626081
3049300
5717298
6908266
11283684
13166281
5491750
13931825
2371417
2395403
16411567
4088763
16488259
5367939
3598526
3902209
3140145
3550052
791358
15262214
6298473
13529307
2101560
3133182
8015263
2070365
15929597
15237610
14372156
10414948
7778678
11884714
14122783
4094067
5626136
9088738
5136351
5938875
14704538
10357602
6985456
3276209
11438965
14181449
4478820
3841764
8878981
8242481
4994369
15216209
15383974
3370338
11471006
1460457
15379442
7644420
6887474
4398643
3265786
7925631
3392313
7907705
383665
16379334
6131276
4632291
973766
4329852
10257728
11836734
215032
4683194
3077962
10998500
13935165
5678754
2288539
350071
5676621
12955204
8959715
1134372
993952
3111745
14336605
16289956
4148753
593656
3465995
10185861
15317174
4661791
3452686
13202410
15399358
4765830
12382127
6386485
1220503
12648591
2057162
2380480
10588603
3055479
4300259
11576571
8257186
9048341
15746547
7238691
10565716
2164673
5872687
8772078
13312084
721399
3794473
12143638
15467555
10402318
8136747
11886554
11067838
12982680
6909768
1505844
11323877
4681361
8362736
10888433
4323510
10412583
11933998
5643834
6813595
6936719
602906
3553230
3108424
304445
886749
13563239
2467257
8940913
5139309
5284465
13544530
2542633
11987910
7023428
10801818
7008105
12238909
9229170
6841122
4072758
2389846
14072858
10408169
3464978
6121446
4902562
14108543
13664027
2424485
4204870
13912640
2378755
16439326
7782781
5737087
14188550
10418663
12817933
3874016
12757063
8730800
12848609
11149169
10471237
8364389
15374063
11392734
1936305
6895799
13233266
12385351
6296802
3309831
13954449
3653137
8533136
13006279
15654145
1427631
13638350
5372337
7253489
10690127
1734190
3292731
4782082
3932963
1424837
15920125
11720237
13057744
11666989
4524160
1695969
485896
4541665
5379448
16332168
15613242
2696074
16162286
10296990
9726793
15206919
2272164
3172386
4055915
7739133
8118892
14764161
12339368
5613121
4812114
7824032
14198577
5793287
3332592
8545460
16118819
2708182
1083017
6466846
9794786
6803491
3811192
1131650
9433895
16658631
15626380
12599547
2950414
5216696
9284608
5626877
9685651
7780822
4722066
11366912
8743795
10754293
3360384
5795881
4732976
1675085
14626179
16495861
2844974
4862342
13992694
14255997
13203339
8208853
520969
14917173
14535936
8300358
6551864
3449916
6352097
7336140
7863483
5080892
49140
7555152
6258891
14801096
9890749
2047737
13656384
8946934
4006187
9237003
10228260
2312975
5973619
4268426
6208132
7953325
3262255
10884681
4275232
2345385
10028911
4436929
10330289
10626916
1614206
16616040
1023987
8136887
6151486
11237744
9166844
2442678
7918360
10408344
8596360
490158
15488579
7021488
15839190
5414742
12937788
72487
2956117
3731619
8021726
6951899
4359735
418158
10288498
15264812
8973045
4807310
9622105
1893584
1628437
4179157
5439434
16401720
15438256
4427988
7445391
10000477
4571316
5805749
72970
5253984
1230544
12482873
9741955
13276536
7552048
10737087
10800317
327276
716139
11791185
3044265
1322573
139198
7151108
7839051
270405
16449624
5136435
15636912
502856
2954579
2041767
14258187
3633942
5355004
8028446
9248542
15609298
9161026
849282
15060836
1886332
14696861
6049453
1932310
13609375
1378549
2248384
4162561
4971726
8211425
11690535
13162762
12273364
7961661
15318200
11593129
13114629
63833
7503865
16615765
14369553
6147641
15401722
113531
13048369
5033116
793329
3605278
16213924
10804122
198634
178928
2739261
1713432
7238288
197177
7231472
874454
2911346
2015891
4325266
14154122
3660622
2294604
12771890
1033163
1711555
15566905
7016596
6382343
11722013
6393007
8119094
11719096
3330628
5655009
14427859
9861376
5726032
11245494
3174492
1565697
2402678
10669724
1219157
4728204
13666662
108080
10638515
9509280
5899598
11857842
6814934
12627277
14183785
7862853
6288264
10840106
14248575
5955900
16763096
8564711
3581151
8075408
1996115
1186093
11295067
2586851
6167392
10530586
7364850
11611091
10635321
2095462
13621946
15780639
7957565
6918440
2870374
14905657
16303047
15857733
2792212
16537914
14123936
1149226
1897084
5288951
11677197
6941448
8468240
14569884
13998868
10963528
1895777
9791897
12377733
4005710
8850418
943000
2175962
15964182
4662605
10243619
12522008
730977
7419133
12987288
10068042
11107411
8712170
4713198
15005363
8728648
685665
1707028
4373811
5998049
8441819
16426309
2869063
1357199
2907315
14321686
11458485
3164149
6758907
11153673
14055055
13026370
1129721
1198068
4463390
4570326
10342103
2840820
11823983
12643257
3541307
9727329
833345
5846403
3476667
8952886
14165059
2522930
15325452
15019226
13671155
470576
6755965
16622140
7996167
13368475
422904
7074610
1013068
14679096
3759163
10441266
6949039
2394624
3992563
13318365
15018938
6098394
2065844
6930480
16461557
1703000
904665
13386417
8481670
16543090
13102140
11829231
1002413
4654417
11495503
9916588
194419
4382155
4107849
1721984
4214305
5822206
6594293
284822
12930835
7440473
9038624
1444920
15577907
9853877
7787601
9035766
399598
7495729
594966
16413211
5707470
7815631
14991509
6474632
15270126
1400655
6577613
6896293
2257934
15645121
5940459
14270336
1615100
15336301
2909309
9708636
6005473
16326352
14939635
14827385
16732261
1208294
12614524
9197700
16159253
3554896
11735165
3800490
9736328
5416753
13740037
5406500
13765350
4749503
13717482
9610002
1788372
6332808
7769022
190604
1325327
1892759
8110703
15697498
6124715
2370278
10082597
933765
6584237
12449551
1561885
301491
2815347
12259601
858295
7148254
8067917
6323365
13311080
798095
6479635
9471347
10514627
8202294
15390571
322827
14369711
6146419
13426731
4703810
4230379
8345930
10917414
9992519
11697451
10785753
7633999
4011234
959771
7492357
3871341
2331588
9154858
5770338
16528999
2744044
10285783
9157368
14249901
7505347
466985
7662106
836401
2855167
2784120
14815878
4589079
7176250
3088799
11711437
4756325
14951487
2039530
8855875
4981441
5098742
12685343
8423306
11545338
8902181
7609812
10135898
9526490
16557703
4627004
191277
13532781
14257068
914860
11662594
1871472
11882447
15941277
15097864
11956039
6327419
8331866
9160087
4854317
16553396
13182602
2066681
4270778
14688917
858030
6902074
8559612
12353850
5739976
8614308
10506840
2408407
689653
9540839
8154934
13867194
4463897
14513321
10168256
13616122
12558656
7805360
9282976
7830734
11044069
699656
13764856
15724835
10175017
12195976
3642971
2717606
6265782
4460412
15631012
6625733
14786281
4633734
5956085
8585427
2855404
10888200
13988139
10920803
12131443
3115930
755400
9362697
14426919
13265169
6168319
2985682
10600005
15305658
6428902
11010061
9396124
5590978
5473862
6250747
13291832
14469836
14037311
601717
12090290
9094830
9560155
16040126
3812227
10929911
1104826
639086
13107951
11146164
12931154
8110975
1396291
13753248
5009472
11268769
9655632
7852432
3412024
7071905
14868310
5694636
10760103
2122709
6016295
12156821
6151211
7806094
7367365
4623478
5025757
13614351
3756217
14918240
973269
14349543
13098372
6966896
200745
15775966
1153647
12878628
10794864
14057544
14533751
2685274
10458372
1255472
6493995
4394163
7327096
5722676
2841405
12776517
10243830
12626561
5056026
8549589
1476198
12490311
5308930
11628725
4797020
14638395
1982541
3956462
12151641
5898819
16216054
15959032
14249318
6907212
12210246
3629421
13133103
9298687
12445104
16135246
16403677
16098878
14400313
6390249
5091345
13118884
8780918
800951
7170558
8360588
16776893
9438764
1965047
4106329
5765978
8248240
4570708
14021155
5840900
1279585
10633980
12827721
7284682
13902036
8599973
6592051
9784296
15501940
3792167
1538799
3694086
5094005
1988938
4591110
14349439
13523916
2027310
5213528
10153012
6381299
16116740
13799169
2673821
15516728
448413
1225205
12195851
14156244
6220522
15312751
9820369
7749348
12766009
13208433
14620635
1521047
5498273
4371747
5090025
13763414
10778368
11890104
13878486
15511033
4764561
12212643
9667605
100966
557561
4388985
7890230
6256596
7700274
3688358
15675318
11777440
1957440
5036559
3073880
7058398
5426896
12511681
11199371
8404311
4685047
4164128
15899441
5401145
8381576
1928371
4889846
4131481
4022764
3652318
432163
10028768
9499051
13748471
15408314
12250501
14894415
4406045
4142285
11179298
11602670
5057313
14452919
12544702
7533771
14102776
11822007
6212937
6473799
2426800
720984
6097891
10174253
4555177
16413597
10943405
6405129
13994004
10425997
8632020
12737989
10542423
6905335
3761647
10638607
4978477
3605809
247615
12950079
9450192
6002927
13439008
9443425
5229096
2769593
354408
6677433
1667327
1575634
2898565
4887706
12568317
4597684
4258042
15296563
4819414
10045864
620014
15556668
12138661
12771340
10947079
14700046
10313653
14477239
15232357
7643049
8063323
7624749
3641304
10549534
16030648
14982356
3449329
4762469
2385303
14842923
16569648
4733438
14343376
1560759
12129796
258887
849059
11416414
2599228
9103012
6396989
13758928
12975030
11249022
15754322
8927319
1538738
1039935
3795426
12880956
11630521
4503223
16191604
5414699
16017483
13255330
3571667
557039
6445001
4437549
5654752
16730055
5680939
7903623
13220779
7963993
650829
16259450
648308
4558565
1456758
15436939
5745464
5750490
7560987
12984891
4029858
7362332
583152
7883218
11890220
215595
15404910
5333372
2847466
7608059
7350000
11982147
6172901
14638950
10438576
8805270
13635476
15724784
10989031
11195001
13668664
14820622
455402
5324911
1304794
10449161
13308875
5589287
5377967
16022279
8908881
3818210
14469219
2608578
7773210
4059561
7575861
3481747
10905010
15233346
2788148
1554442
3141781
2903078
11338447
15884704
8213580
7749209
2042408
16272137
1387507
10548581
15576025
16589759
13461433
14725851
14868080
16597601
2938278
11837776
12243122
4567281
60140
9755339
596580
8758203
4368581
6878218
2295863
9755904
11955390
1765093
15533128
5411341
6976300
15789786
9354281
10441646
10273692
12874720
11950292
10856339
29713
14360196
5530309
6967034
10605799
9253926
13453719
15408679
10514254
7107470
13584758
5028426
5068633
864939
2295236
12201612
14369677
12093037
8618562
1845467
11292874
11200607
14838960
204991
4848912
12066122
4211976
4668002
12229151
15374914
12909995
2503519
10732727
2472924
12765360
8646107
5044681
14635021
4621822
16361702
12606671
16216838
12910860
8302006
9727454
7097288
2672476
7914888
15667146
1348860
6672945
2897566
6557137
16503329
7685664
13119135
4567440
94770
13336517
5850433
7629541
15080578
10925489
6581951
8215652
11205609
9004329
3169869
10406434
6130231
8425776
7000326
8993398
6172209
12873624
16275096
1334339
10617278
12431158
1352122
1910832
7152985
16570345
8091499
9652443
2314044
9825262
747526
9409653
5263210
10732562
244317
6244500
9824891
289796
14671409
13042760
2907179
4553726
8882902
11510859
2392764
959263
14008031
679780
12608110
3147753
2891735
1105325
8033705
1111715
6438524
11873573
561901
6345438
7410953
16504853
4915858
6772451
15604110
6360258
14082271
12369612
9823027
12476829
3831191
7915245
11665218
12828266
12555247
16355407
10626690
13791359
6613264
15994506
755205
14354896
889404
557863
16138709
8560647
5092200
16193028
4344625
2135769
7850318
3353866
171478
3349722
10318589
4395722
15706435
7735425
5309466
14032367
8417553
13880281
14898689
2115612
1067945
3512027
9805392
1219367
4231515
16480311
15679544
10973967
10505863
11085872
16378845
1922127
2378546
477346
8485437
4309662
10069849
14317631
16119152
7838342
10149691
9126355
806461
11314774
523497
12353366
3123562
7506150
3753901
1127931
3403147
7843433
15605832
16048415
896463
10178643
5661764
11096431
12882923
15476613
225567
10036665
16495981
7233487
2950891
5885976
16161805
8353522
5208979
9011795
7656160
9366027
14548786
10631070
11712476
15828774
3848542
12874134
10396516
11922798
7172440
1624706
11103061
3570247
2618606
3466381
15421796
13728240
2113374
12124302
1211423
15817308
4765787
15461822
2660314
6075314
7265458
1664473
1521805
11227790
3491719
5536765
9618739
7081241
8749521
16595797
683699
15239394
10255795
2326719
7024592
11360994
9415521
5724045
1311157
206577
5051804
10627250
7062913
12514731
6296853
2495817
15238119
8175029
899653
16035578
2989557
15992437
15031662
1846616
6791150
12343264
917824
12872832
16492197
14051616
11737312
14370699
972971
3591312
12298203
7637659
8307620
13446126
4304046
5714083
9864872
8395053
1766741
1648807
11242050
292699
13556825
13194526
12260844
9805468
8651723
9353813
12921984
16447589
13644706
9723774
13207178
2133593
4819462
8276209
8004098
14418787
15578469
3762525
3979421
2140704
13944775
3002397
14854984
3295886
16549783
7080709
7620067
10747679
756535
401315
15591151
3191684
6489956
14151582
2684560
1967707
9424270
14839478
13652003
10707270
7826862
6607278
11782252
2707743
12518523
1848668
3876610
13874752
4419385
11000693
5321409
13784402
12707062
7763443
7621077
12582265
2957991
11507272
4573093
16236775
227236
3124526
11464790
8046905
13705191
232297
15801473
11265932
15017102
10427527
7773496
10995228
15229113
1361792
1287384
3473215
3701149
15988973
6108258
12626171
15605814
10314569
3145623
14560675
9912149
256245
1218330
10573376
1057523
317240
2474592
5251979
2339577
11903680
11745211
5227507
1893755
5485631
907252
12556972
10221989
8307451
10226026
14643520
1492064
15865123
16576729
4585036
15706115
6746376
9389200
5419611
15068054
11541742
8215587
7277270
9840067
2772437
13999983
12691117
12777850
14023106
4590240
6779785
11596629
16775143
7608507
15275938
800074
13865596
438441
6593450
1033242
9816857
16760791
15055635
11721669
14818741
7509831
14457079
7777038
11257500
5935077
285793
2342088
3641879
8316598
11340047
3487343
8889836
14867696
12281455
9365150
4749303
622425
8994599
1457713
16528656
11205630
15693816
11880206
8982082
4257161
3940197
16176999
16616643
7993062
1080237
13208279
16178740
15579977
12673183
7220826
10211219
11981515
7025874
15671589
2278527
9753652
1774873
15934291
11953799
16746682
15740909
12652107
10814428
100664
5302358
6041127
9556356
1302834
8832898
9436964
1031290
11031665
5657788
7367879
19086
13254833
13591358
2936556
2149619
8830146
8320497
7600391
5672713
13827937
8166573
949716
3481112
10519647
7818814
1841399
11812430
2624129
11705074
14952275
548241
15275197
485856
8859696
9949551
11785957
4561528
2395083
15705213
5760434
10050642
7316935
1499881
14438204
5305260
4607996
6249786
10006138
6484481
4275032
6027544
9506436
9031239
5983720
6438312
11733168
7457899
4334106
1596355
3943985
10633058
5188144
5206449
11221203
9724700
5061032
3989146
2260125
6676966
4466212
11207867
4140480
8606172
11545952
2315362
8826333
5900763
12735565
12680686
6716140
8010365
7479452
1080455
15259966
14169360
8833266
8939053
1823314
8533091
15448880
4577710
5484756
8522079
9426129
1059710
6569418
5918348
8065677
16742628
3942907
4197187
7693209
9216207
2351726
9602143
6896228
15106811
257698
9386119
447172
9975037
15623248
8158427
15580574
953760
12093644
84609
9113722
208889
790709
10699888
13321303
7993588
298409
14301577
3471847
5832639
13293097
13365132
12937142
13243018
4281691
5952731
818432
2926214
7378681
6538526
14005818
2639901
1913684
6569720
1173551
6177474
6648079
11398015
524817
11662202
11784166
6448060
2401954
15770805
6953648
5871445
426147
13037320
4179774
16585472
11328060
6957583
13316786
268659
15893555
15983680
3414487
579759
4470106
5875476
4897568
5714334
5651394
7688872
8215395
13507805
4777258
16137312
1171579
1021342
7267822
13967822
4067948
2276637
13658463
14633163
2225616
7671050
4498508
12503233
13797810
7672234
11428624
2951842
5703505
7308401
10257710
6102888
2464192
9065226
7045652
2387945
14756347
15004623
8732977
15915317
11961427
5446028
12220136
5977449
12103459
11813349
9308065
2928073
10376129
16326085
14056361
8204877
13286938
4375895
13277013
7938633
3349394
6781164
13251851
6317945
3998967
16004410
7280196
15769369
3918463
12387986
3801965
8088301
1247132
9941078
6420721
14538408
4675135
11585282
4985138
4121456
9463666
4932290
5330099
4105562
13946754
10388358
5953876
11819736
6757243
2881331
3408323
6775003
3625520
16235665
92382
10447951
15156448
3148051
13367271
4181759
9388194
4859213
10507215
4140325
9563035
7598961
4831505
6045817
5281052
3760478
8486696
1293676
4214860
14278241
11160406
3998288
1602979
9497243
10219704
4392099
6419072
11044271
14431807
4670612
1949071
16022995
1542119
630483
168732
3861842
6990662
11528128
15067926
4322158
580914
1879664
11904751
16233948
8774176
7990795
2616036
9711125
7512854
953792
5509932
14273096
5279943
4226866
261610
9787574
15836579
15376275
8831371
11251129
13582651
7200097
6664057
118443
12098940
3451326
1105060
7787525
1603410
12007882
5027822
14840922
2175653
1701934
14785879
11078263
177460
6287788
10772068
8600083
7795094
5345610
12119396
4250566
7624802
3747079
16388447
13145281
16517708
8792671
7091286
9857991
5143991
15238001
4140915
12390999
3890424
3669583
11550442
1722217
11044197
7636545
6898578
6173286
2496427
7659807
9238607
16164998
15448793
10701248
8924132
13414660
14792102
6900076
11898474
3210597
4006609
9163414
4020543
3064063
11469780
14988494
5749079
12489477
8924273
7715444
4306351
16000375
1534587
8674522
15766915
13560227
2697345
191648
13990511
8995312
9912526
2625257
796558
5108330
2718257
11465202
4787846
4923605
16601674
4011457
4604193
6732827
3346028
11968821
3774151
3698048
4645594
12823151
16231194
6737920
9439263
9359666
8604614
3485160
3911846
9064557
12889602
4712829
15184727
4148959
15882690
6455690
8515610
2679947
13993914
15593894
1441228
1417346
3470159
6692385
16681520
94369
3605072
1207585
5433899
4011134
2659503
240022
1845446
4603387
2772965
13855249
4074768
2873548
15948535
3940722
15076624
13922276
7984620
5589958
453806
1936549
452492
4209666
9566191
2907993
11344659
7919805
16310452
912657
30969
10671264
3546103
5663575
15580839
1199940
11319254
13522098
12090289
8776283
5819124
1303307
7945295
4230222
8665699
16633436
3540275
884709
3523127
10023152
5321717
10950887
15809740
1624829
16729910
9823272
6352069
15194040
7810134
14705709
12863912
3519570
4982675
10896297
808389
2737533
6891209
15808838
356192
2561072
9895187
1384669
15591504
14410089
5978351
13372096
9026539
7356249
15803487
13023822
14382499
5504433
13679531
8491185
381984
2691693
1145406
14024737
2021202
12470188
9639850
14458352
9220710
5616997
10523093
11337701
14156183
3566371
13684843
177438
16056970
15426905
8141011
6693346
3189998
8269491
6061854
12513058
11934804
9886391
11134654
16656181
9482421
2732860
16581812
7314369
9018813
4216513
2269350
15860437
5631700
13939971
4517775
5062317
9255382
6082628
13664253
7307243
11892511
6042229
7142834
15711452
6678999
12276495
11801539
1591133
7089835
2327296
5428750
13633699
5293758
10834765
13324459
3302620
6811563
16222199
3711395
13733831
15282681
10705993
5109002
14607164
3443062
11701804
106101
3252554
1633172
14238468
1874732
6483240
13024864
9633373
5295592
5868538
549238
12968672
6260491
2403735
10698803
4372908
4693560
5211333
1352458
7713938
12810003
3142251
1059834
12514814
15959038
16160600
11793830
3913330
10330087
13671981
10801378
1630543
1688939
102979
1996904
13351
4546406
290130
3342900
8801889
14044928
2574262
2808672
7237662
2678737
15841487
13152658
9430532
6024713
1972
16400024
14032321
10541607
16254524
13915295
6433290
11196859
16347565
4372629
16764938
5864165
4857950
12249013
12354697
6265744
9132842
13050428
4348405
11103363
15602666
1059392
6217463
571130
25881
5888069
9530476
6694509
3147932
9297305
9834241
15407881
8820073
15069927
2221632
1111427
15642979
13740201
7316560
16545179
5196623
12482967
6130941
15924948
15974557
9945594
14109798
9373853
15810358
13089414
15443915
5704059
15445889
11497285
5163133
1533142
3055109
4161076
3387649
3688015
7359688
315329
16749827
7263229
15587753
14963053
16199769
13613450
3088822
2260802
3381392
14095515
5246292
8921406
3520504
16444816
5838752
7450740
13472969
2552464
12318881
11762774
10326801
10506271
6269930
12647400
10135560
2803595
6241179
12569947
1756733
12326576
4980919
7154758
8949967
10465586
9636694
2372104
2285299
12120218
13589875
1989573
4976473
5033389
3587885
14831709
13591962
10224178
15150089
14335494
15836555
7731147
6372345
9090731
204754
13522048
12940155
13331477
16357494
2084079
7424160
14833637
5014721
16723688
14602701
12919671
3612921
9974170
8726540
2538789
16470435
1296653
9612843
14478306
1669690
13277741
4111740
12211168
11268998
15211336
11979520
11037682
3250478
13679800
10011553
14203859
4983041
9478597
13586325
15956141
2409250
16435754
14741315
7910205
5395063
7143242
10895510
2618225
16600397
1293597
12604079
15453548
10071588
12643871
13731704
11083412
7332111
3746461
4923862
14299478
8191894
2605034
6873844
6568723
3197381
3093597
8002082
12023803
9145503
5790100
15208514
5341979
283657
12053112
1574721
14903127
1735239
773434
12937294
11047819
16605361
131396
13356232
6335455
9275181
16265687
929779
16447431
13928623
9469134
12757443
12055453
6551489
2000693
11565173
13775716
6882874
3788745
5947735
8564345
4716156
14350953
7568640
9647912
6623978
11363289
16516343
11879802
15072212
6136984
4739949
678039
13644776
15244848
13338595
11218115
2522432
8249380
13979277
16423902
10705320
9678764
2618478
13024013
7833417
6958009
14517385
8374512
7774767
11801806
2474407
13712343
5640821
6725136
11355437
6794117
14555777
15321236
2230953
7274344
3806502
5406954
7108049
12908705
12421764
5725767
10999314
3666187
7181689
1676089
14549483
13942497
1316874
2898463
5950344
14742934
1847932
5155127
10146237
3341787
8172521
10117095
13495575
14594859
6382915
8816131
5112062
13126177
8490226
14793295
16414420
3824045
4418003
8672525
2364413
10577403
4537451
9722790
2877598
9695133
14662097
9982827
5312865
2579545
2034278
2445315
5956354
9823100
2176328
14546482
663325
6723881
15645611
10468155
3073403
6671813
12814589
16352402
13086607
13584579
15400072
13256495
4166695
8699056
2454853
13899045
15236853
8961186
15036007
5395804
7457460
16052307
11704194
3914456
15561693
13630611
14915340
3043494
8229161
4506901
9161925
1162278
1182731
979696
7763385
5922567
5032375
479111
15093899
11731504
15962773
10510884
11020939
6570704
11503131
15393150
13722222
4202137
2071350
9800508
11088112
6242277
8882237
1569086
4541602
2088203
7683325
9062156
5577230
3148701
1753623
14893490
12870738
6027763
12159365
8401461
5905406
10265768
14054237
4961249
4273769
7769342
1179653
13740114
13157403
5615402
7453278
13811937
12720806
8485087
10824114
4573968
8621948
3028750
8529072
14800023
4764918
8210715
4191363
4517860
15361596
13059621
3338372
14528591
8803822
7060422
10370256
14272515
5318902
6543175
13447303
8721638
6956383
1572613
25669
5747664
16426474
5097670
7878059
1550099
229687
9304337
10571557
10801955
34701
4065907
8695194
1203532
10731660
16035591
6847973
14827321
13122469
5963495
12010302
1332676
2946178
3013131
16490444
11265718
14239603
9973261
5228074
13889659
5428292
2522291
13948596
7970507
5001044
3460932
13649036
8494757
10200666
611503
14863862
3172234
6251114
12192679
14033155
6643569
5902915
7838598
7528948
9848456
14934157
3816762
7611470
16214263
1068348
13880566
4738593
6349398
6042753
5723912
9276054
8296461
10928614
8793242
3866857
5118710
9547347
10311172
15235539
11234303
7523387
5952864
9348056
14265434
5749999
2714744
3663577
967248
15482665
8684707
10857622
4658855
11115130
9622077
9751484
1575088
14086669
15741880
2063360
6733139
1786701
12607853
5449949
15488514
3093149
76144
6296862
5362740
14070957
11091658
7778737
13901771
8353793
7083746
15636349
6275661
3021728
10977226
5070804
2303060
12721827
13823690
2280559
468172
15547863
2244507
14910251
15001663
8467598
12237387
12636070
3760854
10537161
14369216
25988
6418166
8784141
346087
16176909
4724629
2892339
8110252
6815919
6451554
4151186
1322316
2441394
2970671
10016642
2245690
4461909
4260437
3459310
2261147
12334116
15979777
5879955
800406
1899993
6085649
16301088
14560017
2200205
10900934
13204526
15811915
4054443
10296167
68937
145469
1203266
10166933
13022316
6108935
9330597
8457901
4260066
3284275
4832145
8023915
13841171
14634999
14673699
1773631
7588360
11725669
9415205
6009184
3031508
11839516
10887909
5742432
16386854
10712560
9564992
7976888
538940
15436586
11021580
8584654
9303330
9692612
2961212
10461948
12631037
3223
10835662
13000361
16043176
15686925
5160979
5510320
3368909
10948345
14196584
10724884
12394837
14273833
4319973
11743046
5700668
12848303
14619778
14587025
2677230
7249376
13652284
16050202
14512959
12577449
933500
6338057
12941246
7413938
7956691
14851814
3809891
7545878
15021049
5200911
14652192
2856594
2669687
11789398
6204985
15511216
12444319
1804960
3969445
6234761
5245812
7579180
99597
2087809
181709
13093591
16091550
3541860
769054
15016177
2115004
9566046
7050326
9793105
9893066
16156593
14967537
13695342
11123128
15237822
14512561
3801645
7099252
5280232
12118174
2275575
12319344
7689701
3007317
16453931
13358053
14005333
16482156
14217334
4230951
5157353
12327227
10180339
7350394
2706547
2048538
16023511
14352037
16198488
9621402
13684152
15790570
6588804
2547398
14826415
10862339
8701625
12668778
1336034
11987361
478675
10990525
15646001
16695583
1533149
5284938
12656927
14113107
2806233
4880415
13213408
185235
8259111
15963346
7923549
13527659
15703186
16638649
14304718
10779890
8765899
14729123
13291437
6649673
14149283
11086766
15099106
3807449
4232990
14878918
851869
14231391
3580017
295426
6709617
793227
4667916
1611325
7961442
12947966
9993276
331205
6354461
2579578
12546329
3737179
11137644
9418059
6063013
11479499
13196633
10089173
8256678
15564015
12554986
606199
8948769
15853028
2572006
8131183
7318016
8891393
5550030
9363338
16723564
8657305
2878981
12341848
4253579
7713261
16105577
10290164
7218600
8312924
2584003
8024845
6969213
14309601
592598
3118369
3112647
15605242
13503146
2150303
7764401
9668435
11988651
7337646
16137047
925399
1749098
4620185
16690129
15227565
13263686
5221336
5859170
12922410
588277
7392741
7021665
4830450
6936527
6833441
15267637
16566227
9460921
6045652
3335140
12069898
11622687
514843
16439987
16450366
5769200
7757524
7691561
6040617
15434936
7491591
12370664
8259371
14616791
6003572
16727146
4884241
2997037
7878475
16059749
8366925
15075937
14032380
12558664
10353736
4506581
8455571
2787315
5771027
278773
5427336
1112027
4879197
12512605
2416131
2909600
1459822
14994079
229888
5940725
14835063
4581741
9956177
1199093
11076181
10312806
13951471
14713823
5099461
5991527
1543228
164095
8525616
8095666
7114608
14533624
12844148
4249595
1436333
7782074
16253467
13886216
2865046
1345436
10162092
3034150
11470245
11552515
5214469
6785071
11777876
6060814
1122062
2341070
16036133
11162897
6142763
10404533
6813720
12917967
16435826
4122267
15298958
10220504
6723374
5702616
10463570
7241710
12848152
73613
8187723
3868681
13461534
13061971
11182063
365727
9548122
4678772
8555087
1797850
11939895
15342532
1279498
16474823
1766146
14005324
13615233
15431130
7301686
9271107
14873961
4422331
6806414
9067548
5970027
4856020
3694639
12912946
16218064
16442734
15974098
15292855
2292683
7262871
2493918
16558702
2957573
12855049
8421427
2176950
10790734
11604402
1153724
3852315
2551988
12250843
6114282
12448690
13636370
14162350
15103984
8804638
14205754
2388270
278220
14385611
3574613
12857281
12513699
14231449
5278527
7562621
11700823
7509378
4938406
621815
78390
14566097
3084140
9084482
12877935
8993686
13744970
11146558
3655554
4165044
4850520
2453198
8776321
1146694
3469398
7227
6706314
9272129
3753895
15993865
15235776
2561167
6602720
7774112
5328198
4506356
4174055
13256492
3211054
14799470
13723193
10390606
14860205
16608705
4712921
10936619
16356121
2340139
5529633
10298460
6532665
15774812
3779941
12866649
16635048
12025389
9065700
6759291
15469819
7910878
1107996
125081
5334640
2698403
539274
4108077
6959141
4600362
15356463
11001722
13208388
286020
7260698
418703
15559063
762535
9355922
11387407
5189152
6403941
6072395
3283290
10961234
11890718
7291667
16444859
2759057
11176911
9032651
1373777
14135698
10353118
9819212
9420001
1945430
1001786
6817430
16317853
1470609
16735314
14038633
876976
14930778
4863308
1811212
8746426
7163700
12153412
14418563
11615500
734390
425969
6950297
15837307
11549382
737497
13680630
5122022
3935368
10011397
14842175
14025601
7962269
7102794
5542504
2541443
3429207
9129241
10771099
3048708
2252240
3502600
3384291
11706743
7757441
14806592
9575307
10877639
399080
10825933
11606752
8997415
6183972
5618847
10653618
5561840
303054
12468874
11912967
6841469
13662576
11671006
4818618
8988777
15650040
7220859
3946054
13133817
1294831
1907113
1122237
7755147
8024317
7396642
3636408
16595715
8117277
5323406
10126993
1332068
11161584
9017122
4120618
11804821
3199960
16492992
14790156
9743471
7958354
5745698
12898929
12833662
14222232
15420648
1771295
4204327
9279169
7322282
4335279
5022454
5316037
2985329
15876121
1362606
8078317
2792813
6092679
16684005
610257
5243743
5078421
4275605
3440209
11966522
12176357
230663
308325
7871916
14434830
7944541
16552109
7279272
7775393
9320246
10820040
3182242
12350561
1901320
7492516
4188666
4144262
1150949
12186483
10081529
14460580
11756099
5304862
12326713
14784731
15898534
2822468
7614736
12726338
2860121
14930970
15409989
6966949
306520
5298790
14273849
9416725
1965190
15821423
2440724
8213379
11112821
14838813
3710230
12856108
9087600
12859397
12926256
13520062
3324365
14151227
7323582
14379720
12564413
6744605
869456
10020165
13232785
10724578
16148141
16291788
15322648
14115531
667970
4891178
7309515
11666752
13197296
2616636
15441864
8937146
595521
8092030
10463350
4552929
7507268
6154436
8317653
10732032
16529173
7556879
762567
2772210
9081373
15763396
3847320
10899143
15091058
15818786
4120035
11489381
12713590
16290621
13807831
1135576
14295008
15438674
2797516
5958486
15615104
6649163
3250647
405379
13797407
13798216
2219198
346915
10367589
6395416
919931
10701161
14764975
2353085
4886425
8576269
14910319
3108427
1260086
11563551
2105132
12951864
5652378
1241236
739359
573808
11124302
1922557
4853333
6223816
3966926
11948186
13346557
5366168
11855998
8595691
6334108
1036247
7639635
14737940
10230939
14012638
3519507
1691430
2247454
10751824
7941248
11439265
8799558
12253630
1602678
14560587
15434445
2645348
3049350
4867432
2353072
745314
11971016
12857400
16583665
8400535
14051552
8410215
16613574
6843187
5299329
855916
6843916
1790983
12865796
14197998
6752035
10486839
11764934
8260905
15032455
1948062
14506956
2949896
8546900
3368281
12792811
15277903
3726377
4796636
10322249
8409413
13645205
341177
986216
13563755
15277175
7553270
12994773
3829510
11004820
6818910
16309195
4565737
13236222
11376542
12438378
11644626
2543761
1079394
13956699
13196560
3612458
13764548
1781134
7083674
9478181
15571196
10424157
11686965
3981174
4926602
11593381
9219698
3145317
1254068
13935009
6599765
9101468
2795855
15419001
15691468
4673609
13717994
4368516
2949879
3414296
6846146
5246161
1028876
16355398
7759767
15005155
9862431
5118017
7463474
12406661
9673207
279769
2802264
3098997
10943255
8954727
11428661
14738081
4814418
1014561
2034333
3188184
2829442
6936237
15400802
10066696
3187024
3544454
2169438
8428497
15301747
6345994
15902840
10725539
2373924
9636630
15539528
7001630
3534811
11440289
15093802
14386877
2788456
15498143
6469185
14134460
3281375
7185065
16451118
9587435
2169310
1491608
5390809
15804615
2115306
4821249
5115489
10309976
4765554
8631930
845975
5488334
3474827
12007831
5559141
15786883
10468865
10289880
920027
7727241
7882172
15365158
2915617
15547033
7134038
8401526
9833745
8968903
15308820
3366521
7777084
9133446
3560834
939858
11326588
9514617
5549526
375984
10796997
3390879
5792309
11691510
4130898
3424629
15527377
8844505
3103198
2458802
9309523
12688597
1395512
1334244
14192440
3812084
15992033
4344576
3304182
16146543
12266332
6941650
5705870
3153081
16451956
7246280
3901640
7284363
13231534
16288940
402885
10697291
10965278
3726034
13540917
13217956
1007905
3064787
6368699
9254003
4427406
7165803
8707553
15465217
6427825
4610042
1423964
7112135
1345779
1700506
14581765
10495510
12810917
8233452
7914462
14749242
7507897
4628517
10694670
964125
13908468
3606550
561833
1461458
14347105
10776977
6695013
12135286
15092074
2787438
11115181
9090758
8805523
10059092
5355590
9299527
10458348
10670255
2030064
7249784
8836342
12318757
5817378
464543
4349218
515838
13779063
12420040
12177732
329002
11500052
11057805
15696774
11225796
8104769
10989777
13101954
3193832
601496
9082962
144713
12888059
1712937
1117857
9834030
15586023
2726520
549911
8398910
1425327
3670605
383742
7353021
14618982
13529938
930040
15419423
15335184
591260
14523574
10142943
14687612
5998070
15131306
8076735
3864109
5172168
807026
6179063
7806612
4037161
10257110
372149
1369229
13313028
15086315
3493794
9948806
10197551
1585682
4679981
6388967
780750
3478662
4658383
12321280
1331507
794267
16058912
11026627
307422
6567427
11204344
10109033
4270038
14693246
16087682
379257
9538901
13546705
5254942
3277902
11842625
8002448
10888798
2587263
2625638
4157063
4650074
8761841
1656933
7017468
14871786
1992717
12957462
4274298
7943155
12949753
6832556
2919778
11097916
14467000
2940112
6871549
16245117
14194463
8436897
14190268
2338111
16089301
11094200
9391893
4519021
14682436
7019866
4168606
11483732
14622989
10356231
7878610
8731946
7391244
1332329
10133576
10602115
14089628
15688712
2000259
8098893
7980566
10286477
11277093
1065163
9616366
8970880
5280471
4082132
8705172
14523785
9964801
4003949
3516144
8117423
1499620
15466212
3766901
626350
13537165
13452373
7488292
5346538
4893039
10944057
11923096
1153455
2331947
5507329
10005789
13034785
4796447
448514
16338541
8602762
2717541
2337443
5474582
16652694
9963018
8438857
15523836
8900780
16006467
5958391
2413050
14997072
10724623
13422845
12867272
13197847
9515788
8055836
13404619
15240515
13611971
3416027
2906705
5122782
10301979
16245572
7573014
5657747
11084668
3360484
4096149
12268006
1622246
2056327
5677276
2934291
4322512
12400561
2701027
11496068
4780877
7373271
411883
14962152
15532374
956012
5496945
2185206
14422830
7095238
6224110
13450969
14929306
7420342
10821168
8768247
5158504
8462597
1613349
12904802
14887232
5899780
2441837
9303874
14644630
1626918
8541698
12885071
9305458
14210428
9793430
12474850
13222446
132065
7794977
1630043
10752989
8818971
706233
4629100
11292805
5998080
1256865
12608875
11107099
10271497
3791471
15559196
9292159
3635231
11895428
9387303
7094593
2653277
3462568
13002062
2264630
10579331
12454731
1767643
2917444
8350977
2357487
9815576
12768743
8873749
8202861
10891954
14673511
9278354
212802
1228016
15329375
2147482
1445407
2372746
4900491
10970690
10489771
3110997
11792558
2788205
2934405
7082438
3043532
3556731
7087485
11260821
3190021
15313377
7338809
16094981
1999847
11640647
14354089
13105516
9827044
12771287
11123999
6348807
2896242
5644784
6595272
9021667
4270342
10302848
7002158
3390077
2823940
5057702
3867279
4762426
5464998
11116752
4515445
3589566
11742134
1529256
10935876
15404809
6714557
8763114
3100605
1376965
2682586
12951697
3069372
2200392
3077664
240269
13134996
6349517
10395414
14336320
9672836
16599255
8025150
3180057
6452782
8037459
1514392
6847274
10832166
10331340
8744713
59771
9934703
12794107
7270940
13666589
10408581
16700440
16618067
6922988
3975739
7613500
6291689
7622872
11969921
723535
10577970
16533355
9797249
28650
12702530
11754830
5135378
15607833
13665194
3939302
643670
8621097
1228794
10652616
6275630
9923987
115277
13604438
11141519
14763857
16447071
197694
3582721
2898853
12460467
10794617
2767994
12787621
11840041
9787534
3094699
5588560
9523407
10948170
8782507
1912850
10185063
13622993
12624248
8998574
5150413
7059108
12643373
6655632
10043463
10084858
14263900
5334335
6487559
8291830
726454
14560138
7189960
10086390
14042470
10941838
12254630
251794
14234808
14638257
8637398
8671128
12035256
4087147
6728957
16606242
11205067
4689405
11854427
13171004
11445802
3416443
639139
13213726
254495
15882594
9429610
15445047
12564252
5790186
9049124
12662523
12380628
342750
13825213
15969422
7250601
16582916
5255246
15947415
620398
3095598
5618861
15113276
5493631
7160091
7325707
881984
10724734
15227130
9478859
12876864
4504949
10376733
6553796
12877445
4465990
7881992
8358346
9781846
9357981
10702696
15499186
2038606
579204
12791287
1270493
10262828
3382582
5877002
2764856
6435219
2938165
9396397
8385534
205772
1127794
10093856
1422216
5918972
4947023
1243476
7097312
10317604
10242116
5204085
15695070
7271485
2159938
12769024
13933986
624068
10577454
3723437
11184892
9233097
12020782
6225973
484262
6108428
16164818
8724676
15008517
2939459
752340
11079745
805896
16450485
10121861
16369932
7673850
4410710
8680522
7661611
11493186
12584948
15885208
423718
13582848
2562297
13108514
5090664
15140270
1332566
1460440
9964143
13351916
12024130
12081686
12331585
1093422
4246334
6234298
9318885
15181359
8699522
16114637
750507
16364519
874261
8540639
12501593
13170596
16261744
7430583
6973291
198299
11188890
3192467
3405932
2694735
10471728
13210632
7918161
14409050
11683118
7508058
5300241
5027328
8756343
1052586
10080210
15140962
2815197
15091894
12840537
15562012
14018418
9502638
11568142
16625323
11905968
16616204
2651352
13278145
15081521
8194642
2268881
1245012
8150070
13329663
11200140
860629
9895193
3295951
3700906
5973611
1720050
11162959
9115461
15312345
15273405
2053841
5125536
12055540
710646
13062268
4844531
14109153
6085715
3770758
284936
15408066
642404
9407254
15365148
16507363
13395421
14657813
8805095
8504094
4447058
4359580
1657716
3933444
3085610
5890354
13445828
10323031
5006842
15460604
1959511
8174412
6248136
6476149
10270491
3231073
10998357
1937376
11384536
2719
1848308
7205592
6312763
3109481
333524
4323195
11016269
439732
13770968
9742363
8460594
3359476
2898657
639598
7866465
12024976
12288907
9391783
3315978
2343906
10356116
5082832
12071679
6833380
12896181
12991383
1372039
16128005
16198902
6999437
12148567
3156209
2841672
13659791
42488
9859794
7080023
8048718
2049477
12301171
10168719
9543049
4956477
15982651
12304724
13935008
6281218
5360437
4421759
9712296
10301859
11857059
9898958
7306908
6125257
6685202
1398039
14946411
1361594
5606637
10301004
8782915
13874124
6546546
9852381
2699507
15540062
8768178
16733193
11750646
2540609
7044550
5084162
14612619
7127104
5044689
406181
16765776
3523010
6590280
1264552
3325278
1863970
12705680
5152580
6940346
11164457
14840649
16158313
7241384
9947821
16326640
5735180
12678062
12536562
7298695
16190682
14835033
11802547
2788625
1941027
12531304
15754069
12503703
11954566
8565906
13732589
6936750
10477863
14554741
5204428
7233484
1995250
11986390
11067422
14967551
1377784
11066254
13416882
15698904
16380706
5273974
5147216
15466865
9556781
1902191
15663412
7034428
13002005
884667
6921369
10038012
7957699
16049306
15438299
1348293
11171562
5560159
3392629
7622566
15440530
4839323
4937445
14396032
6450853
16578848
5953234
9487239
5394445
12173178
14372266
11900686
649234
13189635
3122544
3123188
6375474
12293515
12550057
12917545
16509415
10480881
16518630
16432248
9169519
12585458
10006628
11012177
10091376
2828392
9136987
3504559
4682007
11969421
9787585
2563380
4359904
3920953
14213914
8994286
2981188
9918962
15683238
9323735
11259232
2031488
6179710
11731844
6545546
11203265
3071920
5724830
15641443
12687443
4021806
1322265
2972713
3916632
1532638
10844971
15104653
2960688
11880870
1828092
15512707
15939678
10753861
248503
9759058
6627328
796185
4013506
734012
14515626
3677332
5192909
8044954
15238546
9411480
14844370
6331634
4307071
9625106
14936695
4155730
870798
16666364
4218729
982175
6085296
5082683
14939824
7641209
11118268
15974479
1876144
1873297
4049297
4097157
13465498
13250654
12306629
14808402
13741168
12230841
15152262
16410709
58978
9833257
5078301
16381613
8135346
3505993
6797403
661576
5212171
15505824
12051522
97641
2028429
8215305
1615791
16500385
12799732
14493629
232599
11056676
9509527
411932
13511044
9465780
4990448
12230526
15755948
5094875
9841287
4110334
2237872
5852976
9561244
9485493
4838376
6394104
4112837
8204911
7340320
9137430
9837762
9263361
5363285
2564306
13273669
3357108
6098336
367334
16440501
11845974
14176708
9568138
100450
4524859
5408429
5506656
14575551
1046099
14377398
13640038
4229896
5765368
16109247
994804
5230248
16283421
9886267
5189258
6615491
1716827
11288494
13279490
5623450
12219157
13735125
6638624
13117509
8399884
8569437
10490844
8236828
5629580
11970531
9922439
12017171
761174
13434546
2639797
2621923
16177719
10241374
4571320
7079937
14208108
11506149
579823
8079898
1120275
5501790
13447560
6419442
11183454
5560818
11423120
718908
1545735
7405322
7549314
15354466
14659131
7806166
13525533
11822464
228582
11044913
16764304
6080044
15449339
16290360
14835839
16045104
6826989
14172815
15219076
2801698
7916161
333602
12109950
8836983
14332707
3570943
5658120
11896797
7857055
11348503
3437280
5081579
221731
290350
6031681
14142773
8010739
8892823
6673933
14501334
13460064
16256099
10614170
15681800
5651456
10378875
15531270
2910872
2584947
5612545
6443808
11417726
16466233
9462559
5753077
6731542
14857008
8239246
1580035
7226474
7983273
14128240
8415203
6319285
10008072
16313043
1357400
16320919
1486411
16500334
13331051
15439590
8525811
3103467
3979170
6354182
14650956
13199161
7242671
15851151
10617928
534815
14576179
15696154
15618638
4363059
15405959
2814075
11134476
10286463
6817435
1133372
2344836
3484158
4625636
2322767
10658473
3232448
11379391
10899472
1887119
12887025
9010439
13327519
1585572
3476938
11110348
1650968
9212006
10836179
9351610
1573054
5957839
11689872
4140778
2587187
11970498
16187604
10818235
609116
12011148
1539897
16500897
7558246
15372441
16499366
8098223
13505969
9106391
5350443
2781970
3290028
2497202
2027407
2558155
6832808
15802063
14093896
11308565
9161342
564143
13340485
7030609
8670989
1311655
7282649
6091753
8052935
15438992
3149471
11305704
7160379
14898468
15885500
9270667
9496399
10649577
14682165
4862404
188176
2189402
4062947
8759144
1000640
12274795
9121416
9932337
16630880
14244677
10014103
1588175
7744245
3487304
13243719
8631245
1593173
352731
11323891
9141019
8294527
1100052
11710874
10529130
15018636
10843191
3717986
8775038
13294768
7090087
15209581
8556528
6425770
6568941
5531763
15453370
3984565
7702620
10257861
3871837
8770566
2844543
2351703
2275562
8178233
11216246
13116730
12758096
1114751
13675132
4517675
6762049
1720352
6135467
9739584
15520574
13380198
13934045
2641125
4808464
6713116
4135194
8142230
7712696
4464072
3150182
2063512
4820635
11702308
9093455
9179121
7314091
4631522
8517448
15765124
15446759
2572418
4589429
944493
6308415
15381868
5860556
30245
15489650
11510225
2608643
11418854
5557717
79741
7302003
9304515
164059
13835140
12865346
5634966
10452046
6460445
7885950
6635747
6019794
15781483
7527692
13537388
319579
6814266
1729863
5477389
1734814
174077
6342841
5054928
12519994
15750303
8278462
1725946
3765894
16524621
5460021
8137842
7243203
203389
16326484
6373496
5226101
8414980
2392168
12997233
12876244
9180486
4226960
13427812
12378017
10304283
9436101
12468681
1047739
15004612
5228960
10061544
12136643
9739262
14177126
7937666
15212329
8398807
2452113
16605142
14538378
11895941
4464364
11997131
14754279
12822411
16235523
5190356
2927781
1529180
3503520
10386774
6388078
3653224
2692293
7158840
12890069
2196639
2993534
3262320
14813020
3261062
1370337
12810788
695321
13401138
572483
9893402
5182483
3293284
12601023
1667568
10953902
16535293
4405478
8923597
11329565
14912600
5749591
7247991
10085780
4843566
9549271
459743
7421479
2496880
401264
16122470
4091011
8617372
10063980
13538249
5305005
7547286
9136918
15079248
8101854
8564492
928222
8705186
2206227
9803664
6397144
12802065
16639326
11009144
3678611
8547863
7008374
13759277
6142031
12957238
311329
5093452
10947213
7053696
5879636
129904
9588960
16495267
15520038
10976556
10313512
3116544
10945797
10389451
673431
10486502
5643281
15771870
9531103
4531496
15102798
1237428
16689576
7408624
15633344
8735578
2768314
13776670
7656044
5969007
16613180
15836092
11804220
13645195
13932923
15460923
2347318
2761710
14594352
13217136
9082906
15860513
12781361
4231989
15911255
14392265
1907065
2609197
2779126
6704364
11124031
16542311
683136
4234983
10230016
6054514
14609257
13588949
10135719
3120920
7592726
5187128
1460581
4264927
2866165
4347213
1624871
13048973
12320738
14123128
13046791
7378600
14290651
8066922
9266984
14650648
16032676
4422688
2521791
6235430
16179078
5525656
6251361
6705013
15686357
9623744
2202251
6075112
10310523
10673213
1375654
6089776
1021373
365563
7920757
16446528
12341439
8750974
7986370
7420215
3920131
4874605
14451083
96619
13148495
13242555
8354764
13554910
9418357
44028
12186740
7779333
1581106
11715211
11529942
3730759
3354847
9828112
16021688
6045065
1462817
9348692
14686649
2357977
14343272
1986303
7190210
5554365
9727056
14816005
11207421
13628852
10218160
790965
8079145
13760709
7903028
8800080
10197614
4876927
13375458
2564694
2086787
11301775
1343625
5677684
14895565
505563
6796342
16135525
4332299
15163351
13407147
12394013
4297430
2709201
5784526
7454506
920994
12641522
6489255
9802028
7044118
1972281
1751946
2762732
3474286
8011454
924819
2106604
10677525
11190007
5557150
4578358
9728535
14488800
10844213
9375136
3662284
9929852
16397687
10329741
4400710
5129451
13412636
9848742
5092608
11377086
613180
10217404
12475758
16119670
4508138
16197816
14509711
5022004
13247526
9139697
8301963
12807149
3371117
7112794
9093575
13850329
2758516
7180534
4266531
8520208
2606117
14902450
5030813
7921347
2497276
8822669
330189
2608593
12551415
7883280
14580223
7814165
2399914
5730693
14509543
2120451
10419017
7577669
7010514
5322441
5849806
10075249
481588
12778716
3824051
6329285
13559143
10844713
311086
11855306
7113060
9658302
16685172
1842379
4090606
14388955
8156138
10391034
16697898
15004911
16305738
14320049
12069607
3376980
5980894
15303799
3431454
939807
11857907
10743273
11613107
13030305
8857757
15305470
13933625
3351808
1174736
13426137
884353
7843602
2048716
5616013
193513
2122025
6799345
13321209
11887297
12019150
8429830
2021112
860869
2177698
13334781
8479834
4095007
1939648
11158777
7157786
13816631
9436995
10906247
5209326
1824397
67176
11588411
8470617
14237128
12925538
3755209
13720748
6122077
3731042
9334873
6804562
8299929
4678319
15813630
11795466
2983661
6612286
7576208
13071565
3408954
5603483
15629066
9469128
10846161
7168835
14848405
12077243
11401918
14836565
11581117
8442762
13695462
15794336
10635613
10942411
9667295
2580082
4756467
9853513
9559700
5884359
6366651
13442731
253840
9408986
11744254
3498696
5813907
6041892
738486
8825729
15390357
16322544
14112636
4330930
199078
6830678
10647153
43212
4758713
1345532
7188172
12928563
7666232
2015355
1921624
10486955
15161954
6018079
8040460
14557503
9506365
3191618
2243070
11839214
15915401
5164943
5699003
4540109
14732966
8490365
8456985
15308987
6232222
4588297
10578821
1556095
7910106
7696037
987814
811995
6609597
9750986
11276232
13139648
6746643
10272474
12173917
14049390
9839017
4973187
2150374
13604022
13409085
6719547
15600440
15655618
16249055
6100924
16633652
4954868
8735873
12570904
3485544
8227992
2637685
3200859
16523293
3273480
589168
4874666
328018
1170472
1842129
8622631
1644458
6418674
2268467
3866977
9507223
7221403
8898072
11846157
5079250
15844743
6479263
8977765
9805721
5075339
15761835
11608103
1450626
15048471
2490581
14207006
13919671
3080219
5816104
15479540
6756111
12515659
15565017
11841196
7479787
6847709
14899688
728876
11502086
2409419
3161333
2032648
5003571
295883
1007957
2852015
8749276
5943341
6183570
12346071
2777160
3176819
2082807
6299035
7437955
15070596
13154898
15788485
15768509
16311495
13259294
3477655
3779438
4197842
14449512
4671932
1587236
11466585
7434561
11338937
3635184
13983630
5744250
6323875
7432500
11386554
3034797
15678172
11831269
10405431
6525474
14720171
6902522
16768245
15719362
1039824
2273836
13710409
12306780
12294656
5499957
1955118
6112184
710068
14056868
1370656
13198595
12059835
5063066
12117976
6594828
2087222
15086602
10465313
6842138
7818626
9346122
4154177
11179957
2855945
14601882
4536003
3147736
14253652
6952383
6976149
1526316
264221
16273928
16278191
10766436
15924781
13108856
13087747
6215932
1111107
14653930
1146982
11042159
15010743
5120449
7873587
7877090
12775940
11556977
12479224
9232281
4592755
16569388
6079993
16263353
14960056
4430846
8773408
15853024
1297818
10490566
3849537
9930515
8642455
3296671
14102853
2512999
199692
243859
11910308
1795441
2079147
2002649
11907248
3512489
5413772
7067866
7848513
780740
293192
2262946
12995960
11432572
14820989
16416160
2468832
5639788
14341185
10528914
13604043
3321356
15054261
11941877
7189613
496572
4761310
3701557
11173031
2047484
455552
2492618
6514261
12061032
15851598
1448103
2710492
12962044
16210261
5552095
10589909
15011202
16550404
2723719
601857
6072527
11777062
16047097
2178087
2466446
3105621
16496513
8362941
8799009
5708877
1330258
6995723
7427859
14493445
8728815
3551366
15295457
6241443
12497580
14433021
4379922
16474246
3079293
14140682
15279162
710391
16001558
7863461
14850074
4882409
8883053
8997113
11211464
5145621
12397050
12313712
15014399
8142647
5763677
16013352
10483641
3406257
5276519
7716013
444828
4042628
986500
3085112
15591498
12498807
1223531
738039
1218338
13121752
13294405
9180733
15516510
15173942
3044818
9141514
14414958
8108617
7781440
16186651
10259349
6411555
7089299
16700870
2315638
12576530
11026780
15207986
5486713
8900006
5180198
16155148
9065429
4601829
11489389
15261966
11467592
8313506
2863591
9317769
13135223
11268127
7040440
9001960
6333696
4295306
16242789
13358806
1364899
14542045
1644940
8397994
12756943
4342287
14891858
14791900
9945141
4308430
4909388
16616736
3780806
2349047
14962391
7496332
7564041
9356561
12764263
12652364
8512232
4327735
9243929
10858289
14955027
1664708
8988791
3332482
7059722
6056554
7872153
5761694
7353203
5202977
16197310
4885263
8654187
2897519
8362644
15136541
8789301
11004755
2890571
546149
5447857
5661174
8551162
14315195
14717546
12404397
12447342
5078889
1795267
14043528
11289464
2372196
14814407
7464660
3196655
7557584
6669004
10318159
1920935
9959965
12432368
16564460
2215365
8333457
10955714
4561032
12733321
5048545
16345004
13484296
7688834
12887825
11059019
15123389
11486081
5370917
9315056
7664873
7013768
14610736
13261744
9621614
13824557
8894572
8185643
14641121
11876697
2454645
15032828
3042886
16444567
10689324
15224490
10202529
4883139
5693254
8149240
1724673
2039527
7900234
11081855
16367082
9176904
8000024
13027061
2576500
8529531
9452762
16535399
4334333
6797660
15136596
9532170
7463350
6743960
14358534
14672277
3480799
12043122
1209120
6168110
3518223
13520957
2080478
5144831
13533940
13223509
2072426
15881980
16016429
14181892
10812023
8469752
8260209
12275636
7735902
5696051
6823106
6232007
3492251
6666219
15466857
7008405
6857018
226764
4330676
3456915
13637273
15749534
15822144
13161218
8672230
9621734
1718549
4199435
16599538
14005176
307404
833581
13631936
16099606
10573420
15073591
7462877
7631563
2609628
5572460
15777372
11126943
1517434
16173596
10018061
16360097
6351386
16295637
12432858
4314940
7702720
8558129
11124172
11125790
4462275
3125432
14007615
2664651
7076126
12472102
13097472
6335353
10337819
1663088
14732517
245880
15898027
9656689
7881511
6697573
2705072
3649931
14356665
8772054
5666956
15171387
14067767
4952028
13141702
4469197
2659705
13972173
9528418
7697767
13224347
16508487
930022
9685577
985560
6771600
13804154
8201107
7787509
13566569
2410692
4605005
12886666
12375273
11736192
11050375
5900959
7779218
15562544
15147872
15304122
5376144
7715307
11279755
7349527
12587055
13430842
1104559
16533028
6578371
12625810
1556338
1148252
11530190
15338856
8663576
13708355
14584226
3366270
11990562
9839627
13889396
5819206
10364250
3406626
4814460
14393535
2395096
3069108
2272759
7593085
1822294
3513035
11002884
12847775
14764512
6426158
12159275
13286663
944245
11477534
9987635
4788980
12703587
11783909
8750256
14998733
1264108
13450744
10647790
1065669
2463598
4963074
12935140
15307692
14557732
15062069
7365340
16138787
16347402
2781116
817126
8030402
9590617
5477869
3359735
1233555
11934238
14703555
346569
1379013
15271074
262543
3824623
3423403
12278198
15719998
1461039
15376335
11166975
9091372
2218704
11322247
7239617
2702265
1790595
7275462
6311300
8533438
8261482
13719308
1812704
12843027
610724
2444858
11940709
5356249
552802
3461762
8759505
15050116
4710530
6809717
588646
6930682
13699187
6780718
5680312
10349331
15399005
10041946
15084493
12282585
15870944
2348550
7922171
12473679
10433441
6110277
15976796
15985000
3052652
12847199
16396206
10019852
14473565
6476313
11897856
8240533
7483365
1800457
421479
7543442
13619443
9813600
6338423
11806241
855698
4792229
3800363
2835291
1344679
4751122
7372514
11778129
2484430
7812779
15574774
5376905
14400465
4477745
14856055
7784623
3319236
13367516
14834215
3737426
5649978
11024627
3009190
7133821
6668386
15348095
5529489
15042035
6492511
3128633
6591351
5753289
6871947
8243705
7889149
15642300
16398681
7067575
16097327
8569350
16331687
13952469
12725845
14154000
15129536
16652754
12298622
6325734
10429948
4679592
480086
5779340
5290832
4622768
14586496
2503417
12078060
2371276
8094619
10270999
13492615
14612175
475354
13735581
335722
14079390
3715014
4969790
14240290
9863157
936725
6566921
1579896
13562784
9088706
11720063
8244909
4130294
13196918
16706293
12583392
8461510
9087771
16716591
9654351
3860384
14007354
3692659
5208438
5015418
3021838
12180269
349423
1432842
6705788
10053957
2660597
12055340
4110110
14769424
5194034
12675318
13968471
8630274
11899225
6710285
11407946
15603943
3777252
15041427
14707917
9311056
12785714
10329553
11905433
14531109
2771850
12127660
10252606
13282852
15938821
7042623
13979950
11854140
5916790
4885
1410999
1985645
16255482
16245348
3610045
2912307
5018890
14540252
2894378
1054601
12156647
1338376
222765
9770064
10560365
14832303
916898
4288396
3753864
6118908
4563594
3940201
673971
14164332
6668370
10251343
15024650
7197545
1865431
6927324
4658004
9315174
11416292
14350837
4454315
9661107
1130198
1584653
13570218
3203061
11059155
8114133
14119633
10979012
1591537
1282400
15041692
14954097
8536666
9445987
13213192
15265163
3059835
11353464
1319438
11519653
9065596
7184835
10576867
2133809
6234055
16080739
10932713
1371427
6292007
7692132
2816188
10874087
13728554
908446
5612647
5381170
9243109
2438769
8472546
5978434
5974370
7768114
13787901
16331724
8961492
11565398
1280016
13144619
7531576
5019527
15562709
599263
4954838
15956679
5449986
10214842
4491662
3624100
1802711
11521785
14857600
11704304
5400194
8564047
10735141
13643712
12985940
1510561
15470910
1710644
11431345
11253263
2951838
4429317
9667784
6789231
7010212
10067238
7501948
11919807
14092015
1585778
1706061
16236746
7766589
16239160
2160161
16413446
13174456
16697539
1875224
11648030
9178195
15177542
5005600
6831978
3914378
7492243
1394110
9412352
6273902
15101764
8534930
12075388
9678658
2406928
734163
12284575
9983706
16032137
1063405
5237733
10044889
9934573
5220124
6786954
5643236
1719950
12862691
1863126
13418248
12930320
11726318
14260226
13355507
11117989
11268641
2436048
453820
6396207
384283
11066703
4884151
8164934
