93409
104479
113980
210233
242650
283441
322337
334906
352936
364238
388235
392923
412056
427859
436541
584066
604289
620024
621109
647449
665407
699399
716494
753566
763979
796805
920620
936619
938565
960012
1027983
1068847
1092132
1180704
1266297
1276558
1315747
1329700
1343835
1405698
1419597
1459163
1556637
1564043
1640025
1655131
1723513
1779755
1792986
1793727
1874322
1964922
1973989
2062448
2122695
2129631
2137048
2169496
2176419
2192304
2228056
2263958
2325593
2432090
2448023
2454635
2473570
2491103
2520424
2543434
2561727
2592765
2599981
2624739
2629816
2636326
2676648
2679224
2699997
2722089
2750806
2762791
2773404
2778039
2782337
2793252
2812541
2824722
2872116
3037234
3043418
3070247
3087838
3114351
3117699
3158163
3160113
3290542
3300788
3324228
3368858
3370476
3427331
3511976
3562800
3572648
3578991
3616930
3636751
3648404
3650150
3661931
3718647
3721501
3786538
3833849
3850916
3886574
3924381
3961202
3988528
4014286
4061438
4064720
4071422
4126762
4180461
4184708
4239627
4277896
4371374
4417753
4441936
4497969
4504173
4515638
4518729
4524385
4629988
4650260
4671750
4844408
4852077
4857281
4913001
4959262
5004794
5018803
5098844
5123245
5150262
5177976
5180995
5208648
5348193
5380940
5399983
5400002
5428452
5462291
5504590
5540534
5550568
5764085
5791726
5805698
5835487
5851771
5866861
5941413
5968891
5977485
6027745
6054612
6066828
6085863
6201064
6228906
6237944
6240826
6249409
6254801
6294792
6304158
6310384
6336999
6360229
6391212
6425519
6467175
6482640
6602582
6638066
6651363
6669094
6679827
6689857
6719153
6743776
6755846
6757884
6793935
6969788
7021357
7041201
7075539
7152163
7170620
7194566
7198903
7231036
7246283
7263140
7274989
7290061
7294125
7312791
7315552
7413461
7432822
7437557
7479122
7495481
7570106
7577989
7663965
7791307
7795090
7796071
7820652
7851434
7916577
7919821
7946983
7999563
8031060
8052099
8098824
8101784
8143210
8225753
8285965
8303634
8304746
8312618
8359186
8359978
8391782
8402772
8429330
8482304
8500808
8638050
8708438
8731438
8742189
8744858
8761015
8842332
8926088
8971029
9005490
9037625
9073689
9137096
9143775
9143950
9155613
9162368
9163876
9184184
9225418
9234467
9266843
9280200
9290159
9365517
9385859
9518689
9737773
9775912
9819138
9842015
9930978
9971435
9971933
9979827
10015763
10127007
10141304
10153722
10166887
10195443
10333278
10336711
10345431
10346844
10371907
10375673
10396045
10502652
10526386
10544214
10630622
10636788
10638519
10662088
10707619
10718003
10718812
10720546
10752441
10782419
10783468
10833953
10882474
10961197
10967877
11035860
11036166
11050591
11075478
11085162
11151694
11177465
11205272
11208098
11209447
11228151
11257212
11302841
11340010
11362781
11364297
11376070
11402364
11447387
11479664
11480105
11544398
11585737
11716582
11847358
11857911
11998955
12001518
12017461
12039269
12044288
12150990
12177457
12225030
12269479
12272431
12272495
12305974
12359360
12367233
12404074
12414884
12457465
12525533
12607570
12637861
12691724
12694654
12876315
12925421
13001552
13012697
13025372
13077067
13121916
13201205
13204550
13239794
13265601
13311909
13332129
13365751
13369814
13375495
13445361
13447495
13471563
13473861
13474040
13498855
13520714
13525748
13595283
13608382
13644528
13650758
13674568
13683152
13721873
13880471
13896091
13906918
13926631
14068238
14076428
14132384
14146274
14164579
14187538
14189095
14190193
14210175
14328924
14341973
14361263
14375717
14378945
14383864
14408221
14454794
14487252
14528718
14536327
14619602
14637732
14656788
14670026
14714840
14719278
14737412
14794582
14799621
14810177
14843252
14871350
14905225
14921770
14926576
14964377
15005604
15043506
15129028
15139532
15142545
15146370
15205968
15271820
15316666
15328003
15347687
15423600
15467640
15488972
15531041
15687118
15689228
15690586
15704859
15788695
15846355
15849287
15982819
16015853
16039131
16067052
16096281
16099259
16160804
16160975
16170830
16247139
16307155
16308902
16327211
16372045
16397880
16406139
16450545
16651490
16726899
16729613
16758063
16768088
